quadrangle
//Number_of_Node
2394
//Number_of_Element
2294
//Number_of_Region
5
//Factor
1000.0
587,586,548,549,
588,587,549,550,
589,588,550,551,
590,589,551,552,
591,590,552,553,
592,591,553,554,
593,592,554,555,
625,624,586,587,
626,625,587,588,
627,626,588,589,
628,627,589,590,
629,628,590,591,
630,629,591,592,
631,630,592,593,
663,662,624,625,
664,663,625,626,
665,664,626,627,
666,665,627,628,
667,666,628,629,
668,667,629,630,
669,668,630,631,
701,700,662,663,
702,701,663,664,
703,702,664,665,
704,703,665,666,
705,704,666,667,
706,705,667,668,
707,706,668,669,
1157,1156,1118,1119,
1158,1157,1119,1120,
1159,1158,1120,1121,
1160,1159,1121,1122,
1161,1160,1122,1123,
1162,1161,1123,1124,
1163,1162,1124,1125,
1195,1194,1156,1157,
1196,1195,1157,1158,
1197,1196,1158,1159,
1198,1197,1159,1160,
1199,1198,1160,1161,
1200,1199,1161,1162,
1201,1200,1162,1163,
1233,1232,1194,1195,
1234,1233,1195,1196,
1235,1234,1196,1197,
1236,1235,1197,1198,
1237,1236,1198,1199,
1238,1237,1199,1200,
1239,1238,1200,1201,
1271,1270,1232,1233,
1272,1271,1233,1234,
1273,1272,1234,1235,
1274,1273,1235,1236,
1275,1274,1236,1237,
1276,1275,1237,1238,
1277,1276,1238,1239,
1727,1726,1688,1689,
1728,1727,1689,1690,
1729,1728,1690,1691,
1730,1729,1691,1692,
1731,1730,1692,1693,
1732,1731,1693,1694,
1733,1732,1694,1695,
1765,1764,1726,1727,
1766,1765,1727,1728,
1767,1766,1728,1729,
1768,1767,1729,1730,
1769,1768,1730,1731,
1770,1769,1731,1732,
1771,1770,1732,1733,
1803,1802,1764,1765,
1804,1803,1765,1766,
1805,1804,1766,1767,
1806,1805,1767,1768,
1807,1806,1768,1769,
1808,1807,1769,1770,
1809,1808,1770,1771,
1841,1840,1802,1803,
1842,1841,1803,1804,
1843,1842,1804,1805,
1844,1843,1805,1806,
1845,1844,1806,1807,
1846,1845,1807,1808,
1847,1846,1808,1809,
887,886,848,849,
888,887,849,850,
889,888,850,851,
890,889,851,852,
891,890,852,853,
892,891,853,854,
893,892,854,855,
894,893,855,856,
895,894,856,857,
896,895,857,858,
897,896,858,859,
898,897,859,860,
899,898,860,861,
900,899,861,862,
901,900,862,863,
925,924,886,887,
926,925,887,888,
927,926,888,889,
928,927,889,890,
929,928,890,891,
930,929,891,892,
931,930,892,893,
932,931,893,894,
933,932,894,895,
934,933,895,896,
935,934,896,897,
936,935,897,898,
937,936,898,899,
938,937,899,900,
939,938,900,901,
963,962,924,925,
964,963,925,926,
965,964,926,927,
966,965,927,928,
967,966,928,929,
968,967,929,930,
969,968,930,931,
970,969,931,932,
971,970,932,933,
972,971,933,934,
973,972,934,935,
974,973,935,936,
975,974,936,937,
976,975,937,938,
977,976,938,939,
1001,1000,962,963,
1002,1001,963,964,
1003,1002,964,965,
1004,1003,965,966,
1005,1004,966,967,
1006,1005,967,968,
1007,1006,968,969,
1008,1007,969,970,
1009,1008,970,971,
1010,1009,971,972,
1011,1010,972,973,
1012,1011,973,974,
1013,1012,974,975,
1014,1013,975,976,
1015,1014,976,977,
1419,1418,1380,1381,
1420,1419,1381,1382,
1421,1420,1382,1383,
1422,1421,1383,1384,
1423,1422,1384,1385,
1424,1423,1385,1386,
1425,1424,1386,1387,
1426,1425,1387,1388,
1427,1426,1388,1389,
1428,1427,1389,1390,
1429,1428,1390,1391,
1430,1429,1391,1392,
1431,1430,1392,1393,
1432,1431,1393,1394,
1433,1432,1394,1395,
1457,1456,1418,1419,
1458,1457,1419,1420,
1459,1458,1420,1421,
1460,1459,1421,1422,
1461,1460,1422,1423,
1462,1461,1423,1424,
1463,1462,1424,1425,
1464,1463,1425,1426,
1465,1464,1426,1427,
1466,1465,1427,1428,
1467,1466,1428,1429,
1468,1467,1429,1430,
1469,1468,1430,1431,
1470,1469,1431,1432,
1471,1470,1432,1433,
1495,1494,1456,1457,
1496,1495,1457,1458,
1497,1496,1458,1459,
1498,1497,1459,1460,
1499,1498,1460,1461,
1500,1499,1461,1462,
1501,1500,1462,1463,
1502,1501,1463,1464,
1503,1502,1464,1465,
1504,1503,1465,1466,
1505,1504,1466,1467,
1506,1505,1467,1468,
1507,1506,1468,1469,
1508,1507,1469,1470,
1509,1508,1470,1471,
1533,1532,1494,1495,
1534,1533,1495,1496,
1535,1534,1496,1497,
1536,1535,1497,1498,
1537,1536,1498,1499,
1538,1537,1499,1500,
1539,1538,1500,1501,
1540,1539,1501,1502,
1541,1540,1502,1503,
1542,1541,1503,1504,
1543,1542,1504,1505,
1544,1543,1505,1506,
1545,1544,1506,1507,
1546,1545,1507,1508,
1547,1546,1508,1509,
2027,2026,1988,1989,
2028,2027,1989,1990,
2029,2028,1990,1991,
2030,2029,1991,1992,
2031,2030,1992,1993,
2032,2031,1993,1994,
2033,2032,1994,1995,
2034,2033,1995,1996,
2035,2034,1996,1997,
2036,2035,1997,1998,
2037,2036,1998,1999,
2038,2037,1999,2000,
2039,2038,2000,2001,
2040,2039,2001,2002,
2041,2040,2002,2003,
2065,2064,2026,2027,
2066,2065,2027,2028,
2067,2066,2028,2029,
2068,2067,2029,2030,
2069,2068,2030,2031,
2070,2069,2031,2032,
2071,2070,2032,2033,
2072,2071,2033,2034,
2073,2072,2034,2035,
2074,2073,2035,2036,
2075,2074,2036,2037,
2076,2075,2037,2038,
2077,2076,2038,2039,
2078,2077,2039,2040,
2079,2078,2040,2041,
2103,2102,2064,2065,
2104,2103,2065,2066,
2105,2104,2066,2067,
2106,2105,2067,2068,
2107,2106,2068,2069,
2108,2107,2069,2070,
2109,2108,2070,2071,
2110,2109,2071,2072,
2111,2110,2072,2073,
2112,2111,2073,2074,
2113,2112,2074,2075,
2114,2113,2075,2076,
2115,2114,2076,2077,
2116,2115,2077,2078,
2117,2116,2078,2079,
2141,2140,2102,2103,
2142,2141,2103,2104,
2143,2142,2104,2105,
2144,2143,2105,2106,
2145,2144,2106,2107,
2146,2145,2107,2108,
2147,2146,2108,2109,
2148,2147,2109,2110,
2149,2148,2110,2111,
2150,2149,2111,2112,
2151,2150,2112,2113,
2152,2151,2113,2114,
2153,2152,2114,2115,
2154,2153,2115,2116,
2155,2154,2116,2117,
279,278,240,241,
280,279,241,242,
281,280,242,243,
282,281,243,244,
283,282,244,245,
284,283,245,246,
285,284,246,247,
286,285,247,248,
287,286,248,249,
288,287,249,250,
289,288,250,251,
290,289,251,252,
291,290,252,253,
292,291,253,254,
293,292,254,255,
317,316,278,279,
318,317,279,280,
319,318,280,281,
320,319,281,282,
321,320,282,283,
322,321,283,284,
323,322,284,285,
324,323,285,286,
325,324,286,287,
326,325,287,288,
327,326,288,289,
328,327,289,290,
329,328,290,291,
330,329,291,292,
331,330,292,293,
355,354,316,317,
356,355,317,318,
357,356,318,319,
358,357,319,320,
359,358,320,321,
360,359,321,322,
361,360,322,323,
362,361,323,324,
363,362,324,325,
364,363,325,326,
365,364,326,327,
366,365,327,328,
367,366,328,329,
368,367,329,330,
369,368,330,331,
393,392,354,355,
394,393,355,356,
395,394,356,357,
396,395,357,358,
397,396,358,359,
398,397,359,360,
399,398,360,361,
400,399,361,362,
401,400,362,363,
402,401,363,364,
403,402,364,365,
404,403,365,366,
405,404,366,367,
406,405,367,368,
407,406,368,369,
294,293,255,256,
295,294,256,257,
296,295,257,258,
297,296,258,259,
332,331,293,294,
333,332,294,295,
334,333,295,296,
335,334,296,297,
370,369,331,332,
371,370,332,333,
372,371,333,334,
373,372,334,335,
408,407,369,370,
409,408,370,371,
410,409,371,372,
411,410,372,373,
446,445,407,408,
447,446,408,409,
448,447,409,410,
449,448,410,411,
484,483,445,446,
485,484,446,447,
486,485,447,448,
487,486,448,449,
522,521,483,484,
523,522,484,485,
524,523,485,486,
525,524,486,487,
560,559,521,522,
561,560,522,523,
562,561,523,524,
563,562,524,525,
598,597,559,560,
599,598,560,561,
600,599,561,562,
601,600,562,563,
636,635,597,598,
637,636,598,599,
638,637,599,600,
639,638,600,601,
674,673,635,636,
675,674,636,637,
676,675,637,638,
677,676,638,639,
712,711,673,674,
713,712,674,675,
714,713,675,676,
715,714,676,677,
750,749,711,712,
751,750,712,713,
752,751,713,714,
753,752,714,715,
788,787,749,750,
789,788,750,751,
790,789,751,752,
791,790,752,753,
826,825,787,788,
827,826,788,789,
828,827,789,790,
829,828,790,791,
864,863,825,826,
865,864,826,827,
866,865,827,828,
867,866,828,829,
902,901,863,864,
903,902,864,865,
904,903,865,866,
905,904,866,867,
940,939,901,902,
941,940,902,903,
942,941,903,904,
943,942,904,905,
978,977,939,940,
979,978,940,941,
980,979,941,942,
981,980,942,943,
1016,1015,977,978,
1017,1016,978,979,
1018,1017,979,980,
1019,1018,980,981,
1054,1053,1015,1016,
1055,1054,1016,1017,
1056,1055,1017,1018,
1057,1056,1018,1019,
1092,1091,1053,1054,
1093,1092,1054,1055,
1094,1093,1055,1056,
1095,1094,1056,1057,
1130,1129,1091,1092,
1131,1130,1092,1093,
1132,1131,1093,1094,
1133,1132,1094,1095,
1168,1167,1129,1130,
1169,1168,1130,1131,
1170,1169,1131,1132,
1171,1170,1132,1133,
1206,1205,1167,1168,
1207,1206,1168,1169,
1208,1207,1169,1170,
1209,1208,1170,1171,
1244,1243,1205,1206,
1245,1244,1206,1207,
1246,1245,1207,1208,
1247,1246,1208,1209,
1282,1281,1243,1244,
1283,1282,1244,1245,
1284,1283,1245,1246,
1285,1284,1246,1247,
1320,1319,1281,1282,
1321,1320,1282,1283,
1322,1321,1283,1284,
1323,1322,1284,1285,
1358,1357,1319,1320,
1359,1358,1320,1321,
1360,1359,1321,1322,
1361,1360,1322,1323,
1396,1395,1357,1358,
1397,1396,1358,1359,
1398,1397,1359,1360,
1399,1398,1360,1361,
1434,1433,1395,1396,
1435,1434,1396,1397,
1436,1435,1397,1398,
1437,1436,1398,1399,
1472,1471,1433,1434,
1473,1472,1434,1435,
1474,1473,1435,1436,
1475,1474,1436,1437,
1510,1509,1471,1472,
1511,1510,1472,1473,
1512,1511,1473,1474,
1513,1512,1474,1475,
1548,1547,1509,1510,
1549,1548,1510,1511,
1550,1549,1511,1512,
1551,1550,1512,1513,
1586,1585,1547,1548,
1587,1586,1548,1549,
1588,1587,1549,1550,
1589,1588,1550,1551,
1624,1623,1585,1586,
1625,1624,1586,1587,
1626,1625,1587,1588,
1627,1626,1588,1589,
1662,1661,1623,1624,
1663,1662,1624,1625,
1664,1663,1625,1626,
1665,1664,1626,1627,
1700,1699,1661,1662,
1701,1700,1662,1663,
1702,1701,1663,1664,
1703,1702,1664,1665,
1738,1737,1699,1700,
1739,1738,1700,1701,
1740,1739,1701,1702,
1741,1740,1702,1703,
1776,1775,1737,1738,
1777,1776,1738,1739,
1778,1777,1739,1740,
1779,1778,1740,1741,
1814,1813,1775,1776,
1815,1814,1776,1777,
1816,1815,1777,1778,
1817,1816,1778,1779,
1852,1851,1813,1814,
1853,1852,1814,1815,
1854,1853,1815,1816,
1855,1854,1816,1817,
1890,1889,1851,1852,
1891,1890,1852,1853,
1892,1891,1853,1854,
1893,1892,1854,1855,
1928,1927,1889,1890,
1929,1928,1890,1891,
1930,1929,1891,1892,
1931,1930,1892,1893,
1966,1965,1927,1928,
1967,1966,1928,1929,
1968,1967,1929,1930,
1969,1968,1930,1931,
2004,2003,1965,1966,
2005,2004,1966,1967,
2006,2005,1967,1968,
2007,2006,1968,1969,
2042,2041,2003,2004,
2043,2042,2004,2005,
2044,2043,2005,2006,
2045,2044,2006,2007,
2080,2079,2041,2042,
2081,2080,2042,2043,
2082,2081,2043,2044,
2083,2082,2044,2045,
2118,2117,2079,2080,
2119,2118,2080,2081,
2120,2119,2081,2082,
2121,2120,2082,2083,
2156,2155,2117,2118,
2157,2156,2118,2119,
2158,2157,2119,2120,
2159,2158,2120,2121,
275,274,236,237,
276,275,237,238,
277,276,238,239,
278,277,239,240,
313,312,274,275,
314,313,275,276,
315,314,276,277,
316,315,277,278,
351,350,312,313,
352,351,313,314,
353,352,314,315,
354,353,315,316,
389,388,350,351,
390,389,351,352,
391,390,352,353,
392,391,353,354,
427,426,388,389,
428,427,389,390,
429,428,390,391,
430,429,391,392,
465,464,426,427,
466,465,427,428,
467,466,428,429,
468,467,429,430,
503,502,464,465,
504,503,465,466,
505,504,466,467,
506,505,467,468,
541,540,502,503,
542,541,503,504,
543,542,504,505,
544,543,505,506,
579,578,540,541,
580,579,541,542,
581,580,542,543,
582,581,543,544,
617,616,578,579,
618,617,579,580,
619,618,580,581,
620,619,581,582,
655,654,616,617,
656,655,617,618,
657,656,618,619,
658,657,619,620,
693,692,654,655,
694,693,655,656,
695,694,656,657,
696,695,657,658,
731,730,692,693,
732,731,693,694,
733,732,694,695,
734,733,695,696,
769,768,730,731,
770,769,731,732,
771,770,732,733,
772,771,733,734,
807,806,768,769,
808,807,769,770,
809,808,770,771,
810,809,771,772,
845,844,806,807,
846,845,807,808,
847,846,808,809,
848,847,809,810,
883,882,844,845,
884,883,845,846,
885,884,846,847,
886,885,847,848,
921,920,882,883,
922,921,883,884,
923,922,884,885,
924,923,885,886,
959,958,920,921,
960,959,921,922,
961,960,922,923,
962,961,923,924,
997,996,958,959,
998,997,959,960,
999,998,960,961,
1000,999,961,962,
1035,1034,996,997,
1036,1035,997,998,
1037,1036,998,999,
1038,1037,999,1000,
1073,1072,1034,1035,
1074,1073,1035,1036,
1075,1074,1036,1037,
1076,1075,1037,1038,
1111,1110,1072,1073,
1112,1111,1073,1074,
1113,1112,1074,1075,
1114,1113,1075,1076,
1149,1148,1110,1111,
1150,1149,1111,1112,
1151,1150,1112,1113,
1152,1151,1113,1114,
1187,1186,1148,1149,
1188,1187,1149,1150,
1189,1188,1150,1151,
1190,1189,1151,1152,
1225,1224,1186,1187,
1226,1225,1187,1188,
1227,1226,1188,1189,
1228,1227,1189,1190,
1263,1262,1224,1225,
1264,1263,1225,1226,
1265,1264,1226,1227,
1266,1265,1227,1228,
1301,1300,1262,1263,
1302,1301,1263,1264,
1303,1302,1264,1265,
1304,1303,1265,1266,
1339,1338,1300,1301,
1340,1339,1301,1302,
1341,1340,1302,1303,
1342,1341,1303,1304,
1377,1376,1338,1339,
1378,1377,1339,1340,
1379,1378,1340,1341,
1380,1379,1341,1342,
1415,1414,1376,1377,
1416,1415,1377,1378,
1417,1416,1378,1379,
1418,1417,1379,1380,
1453,1452,1414,1415,
1454,1453,1415,1416,
1455,1454,1416,1417,
1456,1455,1417,1418,
1491,1490,1452,1453,
1492,1491,1453,1454,
1493,1492,1454,1455,
1494,1493,1455,1456,
1529,1528,1490,1491,
1530,1529,1491,1492,
1531,1530,1492,1493,
1532,1531,1493,1494,
1567,1566,1528,1529,
1568,1567,1529,1530,
1569,1568,1530,1531,
1570,1569,1531,1532,
1605,1604,1566,1567,
1606,1605,1567,1568,
1607,1606,1568,1569,
1608,1607,1569,1570,
1643,1642,1604,1605,
1644,1643,1605,1606,
1645,1644,1606,1607,
1646,1645,1607,1608,
1681,1680,1642,1643,
1682,1681,1643,1644,
1683,1682,1644,1645,
1684,1683,1645,1646,
1719,1718,1680,1681,
1720,1719,1681,1682,
1721,1720,1682,1683,
1722,1721,1683,1684,
1757,1756,1718,1719,
1758,1757,1719,1720,
1759,1758,1720,1721,
1760,1759,1721,1722,
1795,1794,1756,1757,
1796,1795,1757,1758,
1797,1796,1758,1759,
1798,1797,1759,1760,
1833,1832,1794,1795,
1834,1833,1795,1796,
1835,1834,1796,1797,
1836,1835,1797,1798,
1871,1870,1832,1833,
1872,1871,1833,1834,
1873,1872,1834,1835,
1874,1873,1835,1836,
1909,1908,1870,1871,
1910,1909,1871,1872,
1911,1910,1872,1873,
1912,1911,1873,1874,
1947,1946,1908,1909,
1948,1947,1909,1910,
1949,1948,1910,1911,
1950,1949,1911,1912,
1985,1984,1946,1947,
1986,1985,1947,1948,
1987,1986,1948,1949,
1988,1987,1949,1950,
2023,2022,1984,1985,
2024,2023,1985,1986,
2025,2024,1986,1987,
2026,2025,1987,1988,
2061,2060,2022,2023,
2062,2061,2023,2024,
2063,2062,2024,2025,
2064,2063,2025,2026,
2099,2098,2060,2061,
2100,2099,2061,2062,
2101,2100,2062,2063,
2102,2101,2063,2064,
2137,2136,2098,2099,
2138,2137,2099,2100,
2139,2138,2100,2101,
2140,2139,2101,2102,
40,39,1,2,
41,40,2,3,
42,41,3,4,
43,42,4,5,
44,43,5,6,
45,44,6,7,
46,45,7,8,
47,46,8,9,
48,47,9,10,
49,48,10,11,
50,49,11,12,
51,50,12,13,
52,51,13,14,
53,52,14,15,
54,53,15,16,
55,54,16,17,
56,55,17,18,
57,56,18,19,
58,57,19,20,
59,58,20,21,
60,59,21,22,
61,60,22,23,
62,61,23,24,
63,62,24,25,
64,63,25,26,
65,64,26,27,
66,65,27,28,
67,66,28,29,
68,67,29,30,
69,68,30,31,
70,69,31,32,
71,70,32,33,
72,71,33,34,
73,72,34,35,
74,73,35,36,
75,74,36,37,
76,75,37,38,
78,77,39,40,
79,78,40,41,
80,79,41,42,
81,80,42,43,
82,81,43,44,
83,82,44,45,
84,83,45,46,
85,84,46,47,
86,85,47,48,
87,86,48,49,
88,87,49,50,
89,88,50,51,
90,89,51,52,
91,90,52,53,
92,91,53,54,
93,92,54,55,
94,93,55,56,
95,94,56,57,
96,95,57,58,
97,96,58,59,
98,97,59,60,
99,98,60,61,
100,99,61,62,
101,100,62,63,
102,101,63,64,
103,102,64,65,
104,103,65,66,
105,104,66,67,
106,105,67,68,
107,106,68,69,
108,107,69,70,
109,108,70,71,
110,109,71,72,
111,110,72,73,
112,111,73,74,
113,112,74,75,
114,113,75,76,
116,115,77,78,
117,116,78,79,
118,117,79,80,
119,118,80,81,
120,119,81,82,
121,120,82,83,
122,121,83,84,
123,122,84,85,
124,123,85,86,
125,124,86,87,
126,125,87,88,
127,126,88,89,
128,127,89,90,
129,128,90,91,
130,129,91,92,
131,130,92,93,
132,131,93,94,
133,132,94,95,
134,133,95,96,
135,134,96,97,
136,135,97,98,
137,136,98,99,
138,137,99,100,
139,138,100,101,
140,139,101,102,
141,140,102,103,
142,141,103,104,
143,142,104,105,
144,143,105,106,
145,144,106,107,
146,145,107,108,
147,146,108,109,
148,147,109,110,
149,148,110,111,
150,149,111,112,
151,150,112,113,
152,151,113,114,
154,153,115,116,
155,154,116,117,
156,155,117,118,
157,156,118,119,
158,157,119,120,
159,158,120,121,
160,159,121,122,
161,160,122,123,
162,161,123,124,
163,162,124,125,
164,163,125,126,
165,164,126,127,
166,165,127,128,
167,166,128,129,
168,167,129,130,
169,168,130,131,
170,169,131,132,
171,170,132,133,
172,171,133,134,
173,172,134,135,
174,173,135,136,
175,174,136,137,
176,175,137,138,
177,176,138,139,
178,177,139,140,
179,178,140,141,
180,179,141,142,
181,180,142,143,
182,181,143,144,
183,182,144,145,
184,183,145,146,
185,184,146,147,
186,185,147,148,
187,186,148,149,
188,187,149,150,
189,188,150,151,
190,189,151,152,
192,191,153,154,
193,192,154,155,
194,193,155,156,
195,194,156,157,
196,195,157,158,
197,196,158,159,
198,197,159,160,
199,198,160,161,
200,199,161,162,
201,200,162,163,
202,201,163,164,
203,202,164,165,
204,203,165,166,
205,204,166,167,
206,205,167,168,
207,206,168,169,
208,207,169,170,
209,208,170,171,
210,209,171,172,
211,210,172,173,
212,211,173,174,
213,212,174,175,
214,213,175,176,
215,214,176,177,
216,215,177,178,
217,216,178,179,
218,217,179,180,
219,218,180,181,
220,219,181,182,
221,220,182,183,
222,221,183,184,
223,222,184,185,
224,223,185,186,
225,224,186,187,
226,225,187,188,
227,226,188,189,
228,227,189,190,
230,229,191,192,
231,230,192,193,
232,231,193,194,
233,232,194,195,
234,233,195,196,
235,234,196,197,
236,235,197,198,
237,236,198,199,
238,237,199,200,
239,238,200,201,
240,239,201,202,
241,240,202,203,
242,241,203,204,
243,242,204,205,
244,243,205,206,
245,244,206,207,
246,245,207,208,
247,246,208,209,
248,247,209,210,
249,248,210,211,
250,249,211,212,
251,250,212,213,
252,251,213,214,
253,252,214,215,
254,253,215,216,
255,254,216,217,
256,255,217,218,
257,256,218,219,
258,257,219,220,
259,258,220,221,
260,259,221,222,
261,260,222,223,
262,261,223,224,
263,262,224,225,
264,263,225,226,
265,264,226,227,
266,265,227,228,
268,267,229,230,
269,268,230,231,
270,269,231,232,
271,270,232,233,
272,271,233,234,
273,272,234,235,
274,273,235,236,
298,297,259,260,
299,298,260,261,
300,299,261,262,
301,300,262,263,
302,301,263,264,
303,302,264,265,
304,303,265,266,
306,305,267,268,
307,306,268,269,
308,307,269,270,
309,308,270,271,
310,309,271,272,
311,310,272,273,
312,311,273,274,
336,335,297,298,
337,336,298,299,
338,337,299,300,
339,338,300,301,
340,339,301,302,
341,340,302,303,
342,341,303,304,
344,343,305,306,
345,344,306,307,
346,345,307,308,
347,346,308,309,
348,347,309,310,
349,348,310,311,
350,349,311,312,
374,373,335,336,
375,374,336,337,
376,375,337,338,
377,376,338,339,
378,377,339,340,
379,378,340,341,
380,379,341,342,
382,381,343,344,
383,382,344,345,
384,383,345,346,
385,384,346,347,
386,385,347,348,
387,386,348,349,
388,387,349,350,
412,411,373,374,
413,412,374,375,
414,413,375,376,
415,414,376,377,
416,415,377,378,
417,416,378,379,
418,417,379,380,
420,419,381,382,
421,420,382,383,
422,421,383,384,
423,422,384,385,
424,423,385,386,
425,424,386,387,
426,425,387,388,
431,430,392,393,
432,431,393,394,
433,432,394,395,
434,433,395,396,
435,434,396,397,
436,435,397,398,
437,436,398,399,
438,437,399,400,
439,438,400,401,
440,439,401,402,
441,440,402,403,
442,441,403,404,
443,442,404,405,
444,443,405,406,
445,444,406,407,
450,449,411,412,
451,450,412,413,
452,451,413,414,
453,452,414,415,
454,453,415,416,
455,454,416,417,
456,455,417,418,
458,457,419,420,
459,458,420,421,
460,459,421,422,
461,460,422,423,
462,461,423,424,
463,462,424,425,
464,463,425,426,
469,468,430,431,
470,469,431,432,
471,470,432,433,
472,471,433,434,
473,472,434,435,
474,473,435,436,
475,474,436,437,
476,475,437,438,
477,476,438,439,
478,477,439,440,
479,478,440,441,
480,479,441,442,
481,480,442,443,
482,481,443,444,
483,482,444,445,
488,487,449,450,
489,488,450,451,
490,489,451,452,
491,490,452,453,
492,491,453,454,
493,492,454,455,
494,493,455,456,
496,495,457,458,
497,496,458,459,
498,497,459,460,
499,498,460,461,
500,499,461,462,
501,500,462,463,
502,501,463,464,
507,506,468,469,
508,507,469,470,
509,508,470,471,
510,509,471,472,
511,510,472,473,
512,511,473,474,
513,512,474,475,
514,513,475,476,
515,514,476,477,
516,515,477,478,
517,516,478,479,
518,517,479,480,
519,518,480,481,
520,519,481,482,
521,520,482,483,
526,525,487,488,
527,526,488,489,
528,527,489,490,
529,528,490,491,
530,529,491,492,
531,530,492,493,
532,531,493,494,
534,533,495,496,
535,534,496,497,
536,535,497,498,
537,536,498,499,
538,537,499,500,
539,538,500,501,
540,539,501,502,
545,544,506,507,
546,545,507,508,
547,546,508,509,
548,547,509,510,
549,548,510,511,
550,549,511,512,
551,550,512,513,
552,551,513,514,
553,552,514,515,
554,553,515,516,
555,554,516,517,
556,555,517,518,
557,556,518,519,
558,557,519,520,
559,558,520,521,
564,563,525,526,
565,564,526,527,
566,565,527,528,
567,566,528,529,
568,567,529,530,
569,568,530,531,
570,569,531,532,
572,571,533,534,
573,572,534,535,
574,573,535,536,
575,574,536,537,
576,575,537,538,
577,576,538,539,
578,577,539,540,
583,582,544,545,
584,583,545,546,
585,584,546,547,
586,585,547,548,
594,593,555,556,
595,594,556,557,
596,595,557,558,
597,596,558,559,
602,601,563,564,
603,602,564,565,
604,603,565,566,
605,604,566,567,
606,605,567,568,
607,606,568,569,
608,607,569,570,
610,609,571,572,
611,610,572,573,
612,611,573,574,
613,612,574,575,
614,613,575,576,
615,614,576,577,
616,615,577,578,
621,620,582,583,
622,621,583,584,
623,622,584,585,
624,623,585,586,
632,631,593,594,
633,632,594,595,
634,633,595,596,
635,634,596,597,
640,639,601,602,
641,640,602,603,
642,641,603,604,
643,642,604,605,
644,643,605,606,
645,644,606,607,
646,645,607,608,
648,647,609,610,
649,648,610,611,
650,649,611,612,
651,650,612,613,
652,651,613,614,
653,652,614,615,
654,653,615,616,
659,658,620,621,
660,659,621,622,
661,660,622,623,
662,661,623,624,
670,669,631,632,
671,670,632,633,
672,671,633,634,
673,672,634,635,
678,677,639,640,
679,678,640,641,
680,679,641,642,
681,680,642,643,
682,681,643,644,
683,682,644,645,
684,683,645,646,
686,685,647,648,
687,686,648,649,
688,687,649,650,
689,688,650,651,
690,689,651,652,
691,690,652,653,
692,691,653,654,
697,696,658,659,
698,697,659,660,
699,698,660,661,
700,699,661,662,
708,707,669,670,
709,708,670,671,
710,709,671,672,
711,710,672,673,
716,715,677,678,
717,716,678,679,
718,717,679,680,
719,718,680,681,
720,719,681,682,
721,720,682,683,
722,721,683,684,
724,723,685,686,
725,724,686,687,
726,725,687,688,
727,726,688,689,
728,727,689,690,
729,728,690,691,
730,729,691,692,
735,734,696,697,
736,735,697,698,
737,736,698,699,
738,737,699,700,
739,738,700,701,
740,739,701,702,
741,740,702,703,
742,741,703,704,
743,742,704,705,
744,743,705,706,
745,744,706,707,
746,745,707,708,
747,746,708,709,
748,747,709,710,
749,748,710,711,
754,753,715,716,
755,754,716,717,
756,755,717,718,
757,756,718,719,
758,757,719,720,
759,758,720,721,
760,759,721,722,
762,761,723,724,
763,762,724,725,
764,763,725,726,
765,764,726,727,
766,765,727,728,
767,766,728,729,
768,767,729,730,
773,772,734,735,
774,773,735,736,
775,774,736,737,
776,775,737,738,
777,776,738,739,
778,777,739,740,
779,778,740,741,
780,779,741,742,
781,780,742,743,
782,781,743,744,
783,782,744,745,
784,783,745,746,
785,784,746,747,
786,785,747,748,
787,786,748,749,
792,791,753,754,
793,792,754,755,
794,793,755,756,
795,794,756,757,
796,795,757,758,
797,796,758,759,
798,797,759,760,
800,799,761,762,
801,800,762,763,
802,801,763,764,
803,802,764,765,
804,803,765,766,
805,804,766,767,
806,805,767,768,
811,810,772,773,
812,811,773,774,
813,812,774,775,
814,813,775,776,
815,814,776,777,
816,815,777,778,
817,816,778,779,
818,817,779,780,
819,818,780,781,
820,819,781,782,
821,820,782,783,
822,821,783,784,
823,822,784,785,
824,823,785,786,
825,824,786,787,
830,829,791,792,
831,830,792,793,
832,831,793,794,
833,832,794,795,
834,833,795,796,
835,834,796,797,
836,835,797,798,
838,837,799,800,
839,838,800,801,
840,839,801,802,
841,840,802,803,
842,841,803,804,
843,842,804,805,
844,843,805,806,
849,848,810,811,
850,849,811,812,
851,850,812,813,
852,851,813,814,
853,852,814,815,
854,853,815,816,
855,854,816,817,
856,855,817,818,
857,856,818,819,
858,857,819,820,
859,858,820,821,
860,859,821,822,
861,860,822,823,
862,861,823,824,
863,862,824,825,
868,867,829,830,
869,868,830,831,
870,869,831,832,
871,870,832,833,
872,871,833,834,
873,872,834,835,
874,873,835,836,
876,875,837,838,
877,876,838,839,
878,877,839,840,
879,878,840,841,
880,879,841,842,
881,880,842,843,
882,881,843,844,
906,905,867,868,
907,906,868,869,
908,907,869,870,
909,908,870,871,
910,909,871,872,
911,910,872,873,
912,911,873,874,
914,913,875,876,
915,914,876,877,
916,915,877,878,
917,916,878,879,
918,917,879,880,
919,918,880,881,
920,919,881,882,
944,943,905,906,
945,944,906,907,
946,945,907,908,
947,946,908,909,
948,947,909,910,
949,948,910,911,
950,949,911,912,
952,951,913,914,
953,952,914,915,
954,953,915,916,
955,954,916,917,
956,955,917,918,
957,956,918,919,
958,957,919,920,
982,981,943,944,
983,982,944,945,
984,983,945,946,
985,984,946,947,
986,985,947,948,
987,986,948,949,
988,987,949,950,
990,989,951,952,
991,990,952,953,
992,991,953,954,
993,992,954,955,
994,993,955,956,
995,994,956,957,
996,995,957,958,
1020,1019,981,982,
1021,1020,982,983,
1022,1021,983,984,
1023,1022,984,985,
1024,1023,985,986,
1025,1024,986,987,
1026,1025,987,988,
1028,1027,989,990,
1029,1028,990,991,
1030,1029,991,992,
1031,1030,992,993,
1032,1031,993,994,
1033,1032,994,995,
1034,1033,995,996,
1039,1038,1000,1001,
1040,1039,1001,1002,
1041,1040,1002,1003,
1042,1041,1003,1004,
1043,1042,1004,1005,
1044,1043,1005,1006,
1045,1044,1006,1007,
1046,1045,1007,1008,
1047,1046,1008,1009,
1048,1047,1009,1010,
1049,1048,1010,1011,
1050,1049,1011,1012,
1051,1050,1012,1013,
1052,1051,1013,1014,
1053,1052,1014,1015,
1058,1057,1019,1020,
1059,1058,1020,1021,
1060,1059,1021,1022,
1061,1060,1022,1023,
1062,1061,1023,1024,
1063,1062,1024,1025,
1064,1063,1025,1026,
1066,1065,1027,1028,
1067,1066,1028,1029,
1068,1067,1029,1030,
1069,1068,1030,1031,
1070,1069,1031,1032,
1071,1070,1032,1033,
1072,1071,1033,1034,
1077,1076,1038,1039,
1078,1077,1039,1040,
1079,1078,1040,1041,
1080,1079,1041,1042,
1081,1080,1042,1043,
1082,1081,1043,1044,
1083,1082,1044,1045,
1084,1083,1045,1046,
1085,1084,1046,1047,
1086,1085,1047,1048,
1087,1086,1048,1049,
1088,1087,1049,1050,
1089,1088,1050,1051,
1090,1089,1051,1052,
1091,1090,1052,1053,
1096,1095,1057,1058,
1097,1096,1058,1059,
1098,1097,1059,1060,
1099,1098,1060,1061,
1100,1099,1061,1062,
1101,1100,1062,1063,
1102,1101,1063,1064,
1104,1103,1065,1066,
1105,1104,1066,1067,
1106,1105,1067,1068,
1107,1106,1068,1069,
1108,1107,1069,1070,
1109,1108,1070,1071,
1110,1109,1071,1072,
1115,1114,1076,1077,
1116,1115,1077,1078,
1117,1116,1078,1079,
1118,1117,1079,1080,
1119,1118,1080,1081,
1120,1119,1081,1082,
1121,1120,1082,1083,
1122,1121,1083,1084,
1123,1122,1084,1085,
1124,1123,1085,1086,
1125,1124,1086,1087,
1126,1125,1087,1088,
1127,1126,1088,1089,
1128,1127,1089,1090,
1129,1128,1090,1091,
1134,1133,1095,1096,
1135,1134,1096,1097,
1136,1135,1097,1098,
1137,1136,1098,1099,
1138,1137,1099,1100,
1139,1138,1100,1101,
1140,1139,1101,1102,
1142,1141,1103,1104,
1143,1142,1104,1105,
1144,1143,1105,1106,
1145,1144,1106,1107,
1146,1145,1107,1108,
1147,1146,1108,1109,
1148,1147,1109,1110,
1153,1152,1114,1115,
1154,1153,1115,1116,
1155,1154,1116,1117,
1156,1155,1117,1118,
1164,1163,1125,1126,
1165,1164,1126,1127,
1166,1165,1127,1128,
1167,1166,1128,1129,
1172,1171,1133,1134,
1173,1172,1134,1135,
1174,1173,1135,1136,
1175,1174,1136,1137,
1176,1175,1137,1138,
1177,1176,1138,1139,
1178,1177,1139,1140,
1180,1179,1141,1142,
1181,1180,1142,1143,
1182,1181,1143,1144,
1183,1182,1144,1145,
1184,1183,1145,1146,
1185,1184,1146,1147,
1186,1185,1147,1148,
1191,1190,1152,1153,
1192,1191,1153,1154,
1193,1192,1154,1155,
1194,1193,1155,1156,
1202,1201,1163,1164,
1203,1202,1164,1165,
1204,1203,1165,1166,
1205,1204,1166,1167,
1210,1209,1171,1172,
1211,1210,1172,1173,
1212,1211,1173,1174,
1213,1212,1174,1175,
1214,1213,1175,1176,
1215,1214,1176,1177,
1216,1215,1177,1178,
1218,1217,1179,1180,
1219,1218,1180,1181,
1220,1219,1181,1182,
1221,1220,1182,1183,
1222,1221,1183,1184,
1223,1222,1184,1185,
1224,1223,1185,1186,
1229,1228,1190,1191,
1230,1229,1191,1192,
1231,1230,1192,1193,
1232,1231,1193,1194,
1240,1239,1201,1202,
1241,1240,1202,1203,
1242,1241,1203,1204,
1243,1242,1204,1205,
1248,1247,1209,1210,
1249,1248,1210,1211,
1250,1249,1211,1212,
1251,1250,1212,1213,
1252,1251,1213,1214,
1253,1252,1214,1215,
1254,1253,1215,1216,
1256,1255,1217,1218,
1257,1256,1218,1219,
1258,1257,1219,1220,
1259,1258,1220,1221,
1260,1259,1221,1222,
1261,1260,1222,1223,
1262,1261,1223,1224,
1267,1266,1228,1229,
1268,1267,1229,1230,
1269,1268,1230,1231,
1270,1269,1231,1232,
1278,1277,1239,1240,
1279,1278,1240,1241,
1280,1279,1241,1242,
1281,1280,1242,1243,
1286,1285,1247,1248,
1287,1286,1248,1249,
1288,1287,1249,1250,
1289,1288,1250,1251,
1290,1289,1251,1252,
1291,1290,1252,1253,
1292,1291,1253,1254,
1294,1293,1255,1256,
1295,1294,1256,1257,
1296,1295,1257,1258,
1297,1296,1258,1259,
1298,1297,1259,1260,
1299,1298,1260,1261,
1300,1299,1261,1262,
1305,1304,1266,1267,
1306,1305,1267,1268,
1307,1306,1268,1269,
1308,1307,1269,1270,
1309,1308,1270,1271,
1310,1309,1271,1272,
1311,1310,1272,1273,
1312,1311,1273,1274,
1313,1312,1274,1275,
1314,1313,1275,1276,
1315,1314,1276,1277,
1316,1315,1277,1278,
1317,1316,1278,1279,
1318,1317,1279,1280,
1319,1318,1280,1281,
1324,1323,1285,1286,
1325,1324,1286,1287,
1326,1325,1287,1288,
1327,1326,1288,1289,
1328,1327,1289,1290,
1329,1328,1290,1291,
1330,1329,1291,1292,
1332,1331,1293,1294,
1333,1332,1294,1295,
1334,1333,1295,1296,
1335,1334,1296,1297,
1336,1335,1297,1298,
1337,1336,1298,1299,
1338,1337,1299,1300,
1343,1342,1304,1305,
1344,1343,1305,1306,
1345,1344,1306,1307,
1346,1345,1307,1308,
1347,1346,1308,1309,
1348,1347,1309,1310,
1349,1348,1310,1311,
1350,1349,1311,1312,
1351,1350,1312,1313,
1352,1351,1313,1314,
1353,1352,1314,1315,
1354,1353,1315,1316,
1355,1354,1316,1317,
1356,1355,1317,1318,
1357,1356,1318,1319,
1362,1361,1323,1324,
1363,1362,1324,1325,
1364,1363,1325,1326,
1365,1364,1326,1327,
1366,1365,1327,1328,
1367,1366,1328,1329,
1368,1367,1329,1330,
1370,1369,1331,1332,
1371,1370,1332,1333,
1372,1371,1333,1334,
1373,1372,1334,1335,
1374,1373,1335,1336,
1375,1374,1336,1337,
1376,1375,1337,1338,
1381,1380,1342,1343,
1382,1381,1343,1344,
1383,1382,1344,1345,
1384,1383,1345,1346,
1385,1384,1346,1347,
1386,1385,1347,1348,
1387,1386,1348,1349,
1388,1387,1349,1350,
1389,1388,1350,1351,
1390,1389,1351,1352,
1391,1390,1352,1353,
1392,1391,1353,1354,
1393,1392,1354,1355,
1394,1393,1355,1356,
1395,1394,1356,1357,
1400,1399,1361,1362,
1401,1400,1362,1363,
1402,1401,1363,1364,
1403,1402,1364,1365,
1404,1403,1365,1366,
1405,1404,1366,1367,
1406,1405,1367,1368,
1408,1407,1369,1370,
1409,1408,1370,1371,
1410,1409,1371,1372,
1411,1410,1372,1373,
1412,1411,1373,1374,
1413,1412,1374,1375,
1414,1413,1375,1376,
1438,1437,1399,1400,
1439,1438,1400,1401,
1440,1439,1401,1402,
1441,1440,1402,1403,
1442,1441,1403,1404,
1443,1442,1404,1405,
1444,1443,1405,1406,
1446,1445,1407,1408,
1447,1446,1408,1409,
1448,1447,1409,1410,
1449,1448,1410,1411,
1450,1449,1411,1412,
1451,1450,1412,1413,
1452,1451,1413,1414,
1476,1475,1437,1438,
1477,1476,1438,1439,
1478,1477,1439,1440,
1479,1478,1440,1441,
1480,1479,1441,1442,
1481,1480,1442,1443,
1482,1481,1443,1444,
1484,1483,1445,1446,
1485,1484,1446,1447,
1486,1485,1447,1448,
1487,1486,1448,1449,
1488,1487,1449,1450,
1489,1488,1450,1451,
1490,1489,1451,1452,
1514,1513,1475,1476,
1515,1514,1476,1477,
1516,1515,1477,1478,
1517,1516,1478,1479,
1518,1517,1479,1480,
1519,1518,1480,1481,
1520,1519,1481,1482,
1522,1521,1483,1484,
1523,1522,1484,1485,
1524,1523,1485,1486,
1525,1524,1486,1487,
1526,1525,1487,1488,
1527,1526,1488,1489,
1528,1527,1489,1490,
1552,1551,1513,1514,
1553,1552,1514,1515,
1554,1553,1515,1516,
1555,1554,1516,1517,
1556,1555,1517,1518,
1557,1556,1518,1519,
1558,1557,1519,1520,
1560,1559,1521,1522,
1561,1560,1522,1523,
1562,1561,1523,1524,
1563,1562,1524,1525,
1564,1563,1525,1526,
1565,1564,1526,1527,
1566,1565,1527,1528,
1571,1570,1532,1533,
1572,1571,1533,1534,
1573,1572,1534,1535,
1574,1573,1535,1536,
1575,1574,1536,1537,
1576,1575,1537,1538,
1577,1576,1538,1539,
1578,1577,1539,1540,
1579,1578,1540,1541,
1580,1579,1541,1542,
1581,1580,1542,1543,
1582,1581,1543,1544,
1583,1582,1544,1545,
1584,1583,1545,1546,
1585,1584,1546,1547,
1590,1589,1551,1552,
1591,1590,1552,1553,
1592,1591,1553,1554,
1593,1592,1554,1555,
1594,1593,1555,1556,
1595,1594,1556,1557,
1596,1595,1557,1558,
1598,1597,1559,1560,
1599,1598,1560,1561,
1600,1599,1561,1562,
1601,1600,1562,1563,
1602,1601,1563,1564,
1603,1602,1564,1565,
1604,1603,1565,1566,
1609,1608,1570,1571,
1610,1609,1571,1572,
1611,1610,1572,1573,
1612,1611,1573,1574,
1613,1612,1574,1575,
1614,1613,1575,1576,
1615,1614,1576,1577,
1616,1615,1577,1578,
1617,1616,1578,1579,
1618,1617,1579,1580,
1619,1618,1580,1581,
1620,1619,1581,1582,
1621,1620,1582,1583,
1622,1621,1583,1584,
1623,1622,1584,1585,
1628,1627,1589,1590,
1629,1628,1590,1591,
1630,1629,1591,1592,
1631,1630,1592,1593,
1632,1631,1593,1594,
1633,1632,1594,1595,
1634,1633,1595,1596,
1636,1635,1597,1598,
1637,1636,1598,1599,
1638,1637,1599,1600,
1639,1638,1600,1601,
1640,1639,1601,1602,
1641,1640,1602,1603,
1642,1641,1603,1604,
1647,1646,1608,1609,
1648,1647,1609,1610,
1649,1648,1610,1611,
1650,1649,1611,1612,
1651,1650,1612,1613,
1652,1651,1613,1614,
1653,1652,1614,1615,
1654,1653,1615,1616,
1655,1654,1616,1617,
1656,1655,1617,1618,
1657,1656,1618,1619,
1658,1657,1619,1620,
1659,1658,1620,1621,
1660,1659,1621,1622,
1661,1660,1622,1623,
1666,1665,1627,1628,
1667,1666,1628,1629,
1668,1667,1629,1630,
1669,1668,1630,1631,
1670,1669,1631,1632,
1671,1670,1632,1633,
1672,1671,1633,1634,
1674,1673,1635,1636,
1675,1674,1636,1637,
1676,1675,1637,1638,
1677,1676,1638,1639,
1678,1677,1639,1640,
1679,1678,1640,1641,
1680,1679,1641,1642,
1685,1684,1646,1647,
1686,1685,1647,1648,
1687,1686,1648,1649,
1688,1687,1649,1650,
1689,1688,1650,1651,
1690,1689,1651,1652,
1691,1690,1652,1653,
1692,1691,1653,1654,
1693,1692,1654,1655,
1694,1693,1655,1656,
1695,1694,1656,1657,
1696,1695,1657,1658,
1697,1696,1658,1659,
1698,1697,1659,1660,
1699,1698,1660,1661,
1704,1703,1665,1666,
1705,1704,1666,1667,
1706,1705,1667,1668,
1707,1706,1668,1669,
1708,1707,1669,1670,
1709,1708,1670,1671,
1710,1709,1671,1672,
1712,1711,1673,1674,
1713,1712,1674,1675,
1714,1713,1675,1676,
1715,1714,1676,1677,
1716,1715,1677,1678,
1717,1716,1678,1679,
1718,1717,1679,1680,
1723,1722,1684,1685,
1724,1723,1685,1686,
1725,1724,1686,1687,
1726,1725,1687,1688,
1734,1733,1695,1696,
1735,1734,1696,1697,
1736,1735,1697,1698,
1737,1736,1698,1699,
1742,1741,1703,1704,
1743,1742,1704,1705,
1744,1743,1705,1706,
1745,1744,1706,1707,
1746,1745,1707,1708,
1747,1746,1708,1709,
1748,1747,1709,1710,
1750,1749,1711,1712,
1751,1750,1712,1713,
1752,1751,1713,1714,
1753,1752,1714,1715,
1754,1753,1715,1716,
1755,1754,1716,1717,
1756,1755,1717,1718,
1761,1760,1722,1723,
1762,1761,1723,1724,
1763,1762,1724,1725,
1764,1763,1725,1726,
1772,1771,1733,1734,
1773,1772,1734,1735,
1774,1773,1735,1736,
1775,1774,1736,1737,
1780,1779,1741,1742,
1781,1780,1742,1743,
1782,1781,1743,1744,
1783,1782,1744,1745,
1784,1783,1745,1746,
1785,1784,1746,1747,
1786,1785,1747,1748,
1788,1787,1749,1750,
1789,1788,1750,1751,
1790,1789,1751,1752,
1791,1790,1752,1753,
1792,1791,1753,1754,
1793,1792,1754,1755,
1794,1793,1755,1756,
1799,1798,1760,1761,
1800,1799,1761,1762,
1801,1800,1762,1763,
1802,1801,1763,1764,
1810,1809,1771,1772,
1811,1810,1772,1773,
1812,1811,1773,1774,
1813,1812,1774,1775,
1818,1817,1779,1780,
1819,1818,1780,1781,
1820,1819,1781,1782,
1821,1820,1782,1783,
1822,1821,1783,1784,
1823,1822,1784,1785,
1824,1823,1785,1786,
1826,1825,1787,1788,
1827,1826,1788,1789,
1828,1827,1789,1790,
1829,1828,1790,1791,
1830,1829,1791,1792,
1831,1830,1792,1793,
1832,1831,1793,1794,
1837,1836,1798,1799,
1838,1837,1799,1800,
1839,1838,1800,1801,
1840,1839,1801,1802,
1848,1847,1809,1810,
1849,1848,1810,1811,
1850,1849,1811,1812,
1851,1850,1812,1813,
1856,1855,1817,1818,
1857,1856,1818,1819,
1858,1857,1819,1820,
1859,1858,1820,1821,
1860,1859,1821,1822,
1861,1860,1822,1823,
1862,1861,1823,1824,
1864,1863,1825,1826,
1865,1864,1826,1827,
1866,1865,1827,1828,
1867,1866,1828,1829,
1868,1867,1829,1830,
1869,1868,1830,1831,
1870,1869,1831,1832,
1875,1874,1836,1837,
1876,1875,1837,1838,
1877,1876,1838,1839,
1878,1877,1839,1840,
1879,1878,1840,1841,
1880,1879,1841,1842,
1881,1880,1842,1843,
1882,1881,1843,1844,
1883,1882,1844,1845,
1884,1883,1845,1846,
1885,1884,1846,1847,
1886,1885,1847,1848,
1887,1886,1848,1849,
1888,1887,1849,1850,
1889,1888,1850,1851,
1894,1893,1855,1856,
1895,1894,1856,1857,
1896,1895,1857,1858,
1897,1896,1858,1859,
1898,1897,1859,1860,
1899,1898,1860,1861,
1900,1899,1861,1862,
1902,1901,1863,1864,
1903,1902,1864,1865,
1904,1903,1865,1866,
1905,1904,1866,1867,
1906,1905,1867,1868,
1907,1906,1868,1869,
1908,1907,1869,1870,
1913,1912,1874,1875,
1914,1913,1875,1876,
1915,1914,1876,1877,
1916,1915,1877,1878,
1917,1916,1878,1879,
1918,1917,1879,1880,
1919,1918,1880,1881,
1920,1919,1881,1882,
1921,1920,1882,1883,
1922,1921,1883,1884,
1923,1922,1884,1885,
1924,1923,1885,1886,
1925,1924,1886,1887,
1926,1925,1887,1888,
1927,1926,1888,1889,
1932,1931,1893,1894,
1933,1932,1894,1895,
1934,1933,1895,1896,
1935,1934,1896,1897,
1936,1935,1897,1898,
1937,1936,1898,1899,
1938,1937,1899,1900,
1940,1939,1901,1902,
1941,1940,1902,1903,
1942,1941,1903,1904,
1943,1942,1904,1905,
1944,1943,1905,1906,
1945,1944,1906,1907,
1946,1945,1907,1908,
1951,1950,1912,1913,
1952,1951,1913,1914,
1953,1952,1914,1915,
1954,1953,1915,1916,
1955,1954,1916,1917,
1956,1955,1917,1918,
1957,1956,1918,1919,
1958,1957,1919,1920,
1959,1958,1920,1921,
1960,1959,1921,1922,
1961,1960,1922,1923,
1962,1961,1923,1924,
1963,1962,1924,1925,
1964,1963,1925,1926,
1965,1964,1926,1927,
1970,1969,1931,1932,
1971,1970,1932,1933,
1972,1971,1933,1934,
1973,1972,1934,1935,
1974,1973,1935,1936,
1975,1974,1936,1937,
1976,1975,1937,1938,
1978,1977,1939,1940,
1979,1978,1940,1941,
1980,1979,1941,1942,
1981,1980,1942,1943,
1982,1981,1943,1944,
1983,1982,1944,1945,
1984,1983,1945,1946,
1989,1988,1950,1951,
1990,1989,1951,1952,
1991,1990,1952,1953,
1992,1991,1953,1954,
1993,1992,1954,1955,
1994,1993,1955,1956,
1995,1994,1956,1957,
1996,1995,1957,1958,
1997,1996,1958,1959,
1998,1997,1959,1960,
1999,1998,1960,1961,
2000,1999,1961,1962,
2001,2000,1962,1963,
2002,2001,1963,1964,
2003,2002,1964,1965,
2008,2007,1969,1970,
2009,2008,1970,1971,
2010,2009,1971,1972,
2011,2010,1972,1973,
2012,2011,1973,1974,
2013,2012,1974,1975,
2014,2013,1975,1976,
2016,2015,1977,1978,
2017,2016,1978,1979,
2018,2017,1979,1980,
2019,2018,1980,1981,
2020,2019,1981,1982,
2021,2020,1982,1983,
2022,2021,1983,1984,
2046,2045,2007,2008,
2047,2046,2008,2009,
2048,2047,2009,2010,
2049,2048,2010,2011,
2050,2049,2011,2012,
2051,2050,2012,2013,
2052,2051,2013,2014,
2054,2053,2015,2016,
2055,2054,2016,2017,
2056,2055,2017,2018,
2057,2056,2018,2019,
2058,2057,2019,2020,
2059,2058,2020,2021,
2060,2059,2021,2022,
2084,2083,2045,2046,
2085,2084,2046,2047,
2086,2085,2047,2048,
2087,2086,2048,2049,
2088,2087,2049,2050,
2089,2088,2050,2051,
2090,2089,2051,2052,
2092,2091,2053,2054,
2093,2092,2054,2055,
2094,2093,2055,2056,
2095,2094,2056,2057,
2096,2095,2057,2058,
2097,2096,2058,2059,
2098,2097,2059,2060,
2122,2121,2083,2084,
2123,2122,2084,2085,
2124,2123,2085,2086,
2125,2124,2086,2087,
2126,2125,2087,2088,
2127,2126,2088,2089,
2128,2127,2089,2090,
2130,2129,2091,2092,
2131,2130,2092,2093,
2132,2131,2093,2094,
2133,2132,2094,2095,
2134,2133,2095,2096,
2135,2134,2096,2097,
2136,2135,2097,2098,
2160,2159,2121,2122,
2161,2160,2122,2123,
2162,2161,2123,2124,
2163,2162,2124,2125,
2164,2163,2125,2126,
2165,2164,2126,2127,
2166,2165,2127,2128,
2168,2167,2129,2130,
2169,2168,2130,2131,
2170,2169,2131,2132,
2171,2170,2132,2133,
2172,2171,2133,2134,
2173,2172,2134,2135,
2174,2173,2135,2136,
2175,2174,2136,2137,
2176,2175,2137,2138,
2177,2176,2138,2139,
2178,2177,2139,2140,
2179,2178,2140,2141,
2180,2179,2141,2142,
2181,2180,2142,2143,
2182,2181,2143,2144,
2183,2182,2144,2145,
2184,2183,2145,2146,
2185,2184,2146,2147,
2186,2185,2147,2148,
2187,2186,2148,2149,
2188,2187,2149,2150,
2189,2188,2150,2151,
2190,2189,2151,2152,
2191,2190,2152,2153,
2192,2191,2153,2154,
2193,2192,2154,2155,
2194,2193,2155,2156,
2195,2194,2156,2157,
2196,2195,2157,2158,
2197,2196,2158,2159,
2198,2197,2159,2160,
2199,2198,2160,2161,
2200,2199,2161,2162,
2201,2200,2162,2163,
2202,2201,2163,2164,
2203,2202,2164,2165,
2204,2203,2165,2166,
2206,2205,2167,2168,
2207,2206,2168,2169,
2208,2207,2169,2170,
2209,2208,2170,2171,
2210,2209,2171,2172,
2211,2210,2172,2173,
2212,2211,2173,2174,
2213,2212,2174,2175,
2214,2213,2175,2176,
2215,2214,2176,2177,
2216,2215,2177,2178,
2217,2216,2178,2179,
2218,2217,2179,2180,
2219,2218,2180,2181,
2220,2219,2181,2182,
2221,2220,2182,2183,
2222,2221,2183,2184,
2223,2222,2184,2185,
2224,2223,2185,2186,
2225,2224,2186,2187,
2226,2225,2187,2188,
2227,2226,2188,2189,
2228,2227,2189,2190,
2229,2228,2190,2191,
2230,2229,2191,2192,
2231,2230,2192,2193,
2232,2231,2193,2194,
2233,2232,2194,2195,
2234,2233,2195,2196,
2235,2234,2196,2197,
2236,2235,2197,2198,
2237,2236,2198,2199,
2238,2237,2199,2200,
2239,2238,2200,2201,
2240,2239,2201,2202,
2241,2240,2202,2203,
2242,2241,2203,2204,
2244,2243,2205,2206,
2245,2244,2206,2207,
2246,2245,2207,2208,
2247,2246,2208,2209,
2248,2247,2209,2210,
2249,2248,2210,2211,
2250,2249,2211,2212,
2251,2250,2212,2213,
2252,2251,2213,2214,
2253,2252,2214,2215,
2254,2253,2215,2216,
2255,2254,2216,2217,
2256,2255,2217,2218,
2257,2256,2218,2219,
2258,2257,2219,2220,
2259,2258,2220,2221,
2260,2259,2221,2222,
2261,2260,2222,2223,
2262,2261,2223,2224,
2263,2262,2224,2225,
2264,2263,2225,2226,
2265,2264,2226,2227,
2266,2265,2227,2228,
2267,2266,2228,2229,
2268,2267,2229,2230,
2269,2268,2230,2231,
2270,2269,2231,2232,
2271,2270,2232,2233,
2272,2271,2233,2234,
2273,2272,2234,2235,
2274,2273,2235,2236,
2275,2274,2236,2237,
2276,2275,2237,2238,
2277,2276,2238,2239,
2278,2277,2239,2240,
2279,2278,2240,2241,
2280,2279,2241,2242,
2282,2281,2243,2244,
2283,2282,2244,2245,
2284,2283,2245,2246,
2285,2284,2246,2247,
2286,2285,2247,2248,
2287,2286,2248,2249,
2288,2287,2249,2250,
2289,2288,2250,2251,
2290,2289,2251,2252,
2291,2290,2252,2253,
2292,2291,2253,2254,
2293,2292,2254,2255,
2294,2293,2255,2256,
2295,2294,2256,2257,
2296,2295,2257,2258,
2297,2296,2258,2259,
2298,2297,2259,2260,
2299,2298,2260,2261,
2300,2299,2261,2262,
2301,2300,2262,2263,
2302,2301,2263,2264,
2303,2302,2264,2265,
2304,2303,2265,2266,
2305,2304,2266,2267,
2306,2305,2267,2268,
2307,2306,2268,2269,
2308,2307,2269,2270,
2309,2308,2270,2271,
2310,2309,2271,2272,
2311,2310,2272,2273,
2312,2311,2273,2274,
2313,2312,2274,2275,
2314,2313,2275,2276,
2315,2314,2276,2277,
2316,2315,2277,2278,
2317,2316,2278,2279,
2318,2317,2279,2280,
2320,2319,2281,2282,
2321,2320,2282,2283,
2322,2321,2283,2284,
2323,2322,2284,2285,
2324,2323,2285,2286,
2325,2324,2286,2287,
2326,2325,2287,2288,
2327,2326,2288,2289,
2328,2327,2289,2290,
2329,2328,2290,2291,
2330,2329,2291,2292,
2331,2330,2292,2293,
2332,2331,2293,2294,
2333,2332,2294,2295,
2334,2333,2295,2296,
2335,2334,2296,2297,
2336,2335,2297,2298,
2337,2336,2298,2299,
2338,2337,2299,2300,
2339,2338,2300,2301,
2340,2339,2301,2302,
2341,2340,2302,2303,
2342,2341,2303,2304,
2343,2342,2304,2305,
2344,2343,2305,2306,
2345,2344,2306,2307,
2346,2345,2307,2308,
2347,2346,2308,2309,
2348,2347,2309,2310,
2349,2348,2310,2311,
2350,2349,2311,2312,
2351,2350,2312,2313,
2352,2351,2313,2314,
2353,2352,2314,2315,
2354,2353,2315,2316,
2355,2354,2316,2317,
2356,2355,2317,2318,
2358,2357,2319,2320,
2359,2358,2320,2321,
2360,2359,2321,2322,
2361,2360,2322,2323,
2362,2361,2323,2324,
2363,2362,2324,2325,
2364,2363,2325,2326,
2365,2364,2326,2327,
2366,2365,2327,2328,
2367,2366,2328,2329,
2368,2367,2329,2330,
2369,2368,2330,2331,
2370,2369,2331,2332,
2371,2370,2332,2333,
2372,2371,2333,2334,
2373,2372,2334,2335,
2374,2373,2335,2336,
2375,2374,2336,2337,
2376,2375,2337,2338,
2377,2376,2338,2339,
2378,2377,2339,2340,
2379,2378,2340,2341,
2380,2379,2341,2342,
2381,2380,2342,2343,
2382,2381,2343,2344,
2383,2382,2344,2345,
2384,2383,2345,2346,
2385,2384,2346,2347,
2386,2385,2347,2348,
2387,2386,2348,2349,
2388,2387,2349,2350,
2389,2388,2350,2351,
2390,2389,2351,2352,
2391,2390,2352,2353,
2392,2391,2353,2354,
2393,2392,2354,2355,
2394,2393,2355,2356,
-1000.00 ,-1000.00 ,
-715.63 ,-1000.00 ,
-563.75 ,-1000.00 ,
-462.50 ,-1000.00 ,
-395.00 ,-1000.00 ,
-350.00 ,-1000.00 ,
-320.00 ,-1000.00 ,
-300.00 ,-1000.00 ,
-280.00 ,-1000.00 ,
-250.00 ,-1000.00 ,
-220.00 ,-1000.00 ,
-200.00 ,-1000.00 ,
-180.00 ,-1000.00 ,
-150.00 ,-1000.00 ,
-120.00 ,-1000.00 ,
-100.00 ,-1000.00 ,
-80.00 ,-1000.00 ,
-50.00 ,-1000.00 ,
-16.67 ,-1000.00 ,
16.67 ,-1000.00 ,
50.00 ,-1000.00 ,
80.00 ,-1000.00 ,
100.00 ,-1000.00 ,
120.00 ,-1000.00 ,
150.00 ,-1000.00 ,
180.00 ,-1000.00 ,
200.00 ,-1000.00 ,
220.00 ,-1000.00 ,
250.00 ,-1000.00 ,
280.00 ,-1000.00 ,
300.00 ,-1000.00 ,
320.00 ,-1000.00 ,
350.00 ,-1000.00 ,
395.00 ,-1000.00 ,
462.50 ,-1000.00 ,
563.75 ,-1000.00 ,
715.63 ,-1000.00 ,
1000.00 ,-1000.00 ,
-1000.00 ,-863.75 ,
-715.63 ,-863.75 ,
-563.75 ,-863.75 ,
-462.50 ,-863.75 ,
-395.00 ,-863.75 ,
-350.00 ,-863.75 ,
-320.00 ,-863.75 ,
-300.00 ,-863.75 ,
-280.00 ,-863.75 ,
-250.00 ,-863.75 ,
-220.00 ,-863.75 ,
-200.00 ,-863.75 ,
-180.00 ,-863.75 ,
-150.00 ,-863.75 ,
-120.00 ,-863.75 ,
-100.00 ,-863.75 ,
-80.00 ,-863.75 ,
-50.00 ,-863.75 ,
-16.67 ,-863.75 ,
16.67 ,-863.75 ,
50.00 ,-863.75 ,
80.00 ,-863.75 ,
100.00 ,-863.75 ,
120.00 ,-863.75 ,
150.00 ,-863.75 ,
180.00 ,-863.75 ,
200.00 ,-863.75 ,
220.00 ,-863.75 ,
250.00 ,-863.75 ,
280.00 ,-863.75 ,
300.00 ,-863.75 ,
320.00 ,-863.75 ,
350.00 ,-863.75 ,
395.00 ,-863.75 ,
462.50 ,-863.75 ,
563.75 ,-863.75 ,
715.63 ,-863.75 ,
1000.00 ,-863.75 ,
-1000.00 ,-762.50 ,
-715.63 ,-762.50 ,
-563.75 ,-762.50 ,
-462.50 ,-762.50 ,
-395.00 ,-762.50 ,
-350.00 ,-762.50 ,
-320.00 ,-762.50 ,
-300.00 ,-762.50 ,
-280.00 ,-762.50 ,
-250.00 ,-762.50 ,
-220.00 ,-762.50 ,
-200.00 ,-762.50 ,
-180.00 ,-762.50 ,
-150.00 ,-762.50 ,
-120.00 ,-762.50 ,
-100.00 ,-762.50 ,
-80.00 ,-762.50 ,
-50.00 ,-762.50 ,
-16.67 ,-762.50 ,
16.67 ,-762.50 ,
50.00 ,-762.50 ,
80.00 ,-762.50 ,
100.00 ,-762.50 ,
120.00 ,-762.50 ,
150.00 ,-762.50 ,
180.00 ,-762.50 ,
200.00 ,-762.50 ,
220.00 ,-762.50 ,
250.00 ,-762.50 ,
280.00 ,-762.50 ,
300.00 ,-762.50 ,
320.00 ,-762.50 ,
350.00 ,-762.50 ,
395.00 ,-762.50 ,
462.50 ,-762.50 ,
563.75 ,-762.50 ,
715.63 ,-762.50 ,
1000.00 ,-762.50 ,
-1000.00 ,-695.00 ,
-715.63 ,-695.00 ,
-563.75 ,-695.00 ,
-462.50 ,-695.00 ,
-395.00 ,-695.00 ,
-350.00 ,-695.00 ,
-320.00 ,-695.00 ,
-300.00 ,-695.00 ,
-280.00 ,-695.00 ,
-250.00 ,-695.00 ,
-220.00 ,-695.00 ,
-200.00 ,-695.00 ,
-180.00 ,-695.00 ,
-150.00 ,-695.00 ,
-120.00 ,-695.00 ,
-100.00 ,-695.00 ,
-80.00 ,-695.00 ,
-50.00 ,-695.00 ,
-16.67 ,-695.00 ,
16.67 ,-695.00 ,
50.00 ,-695.00 ,
80.00 ,-695.00 ,
100.00 ,-695.00 ,
120.00 ,-695.00 ,
150.00 ,-695.00 ,
180.00 ,-695.00 ,
200.00 ,-695.00 ,
220.00 ,-695.00 ,
250.00 ,-695.00 ,
280.00 ,-695.00 ,
300.00 ,-695.00 ,
320.00 ,-695.00 ,
350.00 ,-695.00 ,
395.00 ,-695.00 ,
462.50 ,-695.00 ,
563.75 ,-695.00 ,
715.63 ,-695.00 ,
1000.00 ,-695.00 ,
-1000.00 ,-650.00 ,
-715.63 ,-650.00 ,
-563.75 ,-650.00 ,
-462.50 ,-650.00 ,
-395.00 ,-650.00 ,
-350.00 ,-650.00 ,
-320.00 ,-650.00 ,
-300.00 ,-650.00 ,
-280.00 ,-650.00 ,
-250.00 ,-650.00 ,
-220.00 ,-650.00 ,
-200.00 ,-650.00 ,
-180.00 ,-650.00 ,
-150.00 ,-650.00 ,
-120.00 ,-650.00 ,
-100.00 ,-650.00 ,
-80.00 ,-650.00 ,
-50.00 ,-650.00 ,
-16.67 ,-650.00 ,
16.67 ,-650.00 ,
50.00 ,-650.00 ,
80.00 ,-650.00 ,
100.00 ,-650.00 ,
120.00 ,-650.00 ,
150.00 ,-650.00 ,
180.00 ,-650.00 ,
200.00 ,-650.00 ,
220.00 ,-650.00 ,
250.00 ,-650.00 ,
280.00 ,-650.00 ,
300.00 ,-650.00 ,
320.00 ,-650.00 ,
350.00 ,-650.00 ,
395.00 ,-650.00 ,
462.50 ,-650.00 ,
563.75 ,-650.00 ,
715.63 ,-650.00 ,
1000.00 ,-650.00 ,
-1000.00 ,-620.00 ,
-715.63 ,-620.00 ,
-563.75 ,-620.00 ,
-462.50 ,-620.00 ,
-395.00 ,-620.00 ,
-350.00 ,-620.00 ,
-320.00 ,-620.00 ,
-300.00 ,-620.00 ,
-280.00 ,-620.00 ,
-250.00 ,-620.00 ,
-220.00 ,-620.00 ,
-200.00 ,-620.00 ,
-180.00 ,-620.00 ,
-150.00 ,-620.00 ,
-120.00 ,-620.00 ,
-100.00 ,-620.00 ,
-80.00 ,-620.00 ,
-50.00 ,-620.00 ,
-16.67 ,-620.00 ,
16.67 ,-620.00 ,
50.00 ,-620.00 ,
80.00 ,-620.00 ,
100.00 ,-620.00 ,
120.00 ,-620.00 ,
150.00 ,-620.00 ,
180.00 ,-620.00 ,
200.00 ,-620.00 ,
220.00 ,-620.00 ,
250.00 ,-620.00 ,
280.00 ,-620.00 ,
300.00 ,-620.00 ,
320.00 ,-620.00 ,
350.00 ,-620.00 ,
395.00 ,-620.00 ,
462.50 ,-620.00 ,
563.75 ,-620.00 ,
715.63 ,-620.00 ,
1000.00 ,-620.00 ,
-1000.00 ,-600.00 ,
-715.63 ,-600.00 ,
-563.75 ,-600.00 ,
-462.50 ,-600.00 ,
-395.00 ,-600.00 ,
-350.00 ,-600.00 ,
-320.00 ,-600.00 ,
-300.00 ,-600.00 ,
-280.00 ,-600.00 ,
-250.00 ,-600.00 ,
-220.00 ,-600.00 ,
-200.00 ,-600.00 ,
-180.00 ,-600.00 ,
-150.00 ,-600.00 ,
-120.00 ,-600.00 ,
-100.00 ,-600.00 ,
-80.00 ,-600.00 ,
-50.00 ,-600.00 ,
-16.67 ,-600.00 ,
16.67 ,-600.00 ,
50.00 ,-600.00 ,
80.00 ,-600.00 ,
100.00 ,-600.00 ,
120.00 ,-600.00 ,
150.00 ,-600.00 ,
180.00 ,-600.00 ,
200.00 ,-600.00 ,
220.00 ,-600.00 ,
250.00 ,-600.00 ,
280.00 ,-600.00 ,
300.00 ,-600.00 ,
320.00 ,-600.00 ,
350.00 ,-600.00 ,
395.00 ,-600.00 ,
462.50 ,-600.00 ,
563.75 ,-600.00 ,
715.63 ,-600.00 ,
1000.00 ,-600.00 ,
-1000.00 ,-580.00 ,
-715.63 ,-580.00 ,
-563.75 ,-580.00 ,
-462.50 ,-580.00 ,
-395.00 ,-580.00 ,
-350.00 ,-580.00 ,
-320.00 ,-580.00 ,
-300.00 ,-580.00 ,
-280.00 ,-580.00 ,
-250.00 ,-580.00 ,
-220.00 ,-580.00 ,
-200.00 ,-580.00 ,
-180.00 ,-580.00 ,
-150.00 ,-580.00 ,
-120.00 ,-580.00 ,
-100.00 ,-580.00 ,
-80.00 ,-580.00 ,
-50.00 ,-580.00 ,
-16.67 ,-580.00 ,
16.67 ,-580.00 ,
50.00 ,-580.00 ,
80.00 ,-580.00 ,
100.00 ,-580.00 ,
120.00 ,-580.00 ,
150.00 ,-580.00 ,
180.00 ,-580.00 ,
200.00 ,-580.00 ,
220.00 ,-580.00 ,
250.00 ,-580.00 ,
280.00 ,-580.00 ,
300.00 ,-580.00 ,
320.00 ,-580.00 ,
350.00 ,-580.00 ,
395.00 ,-580.00 ,
462.50 ,-580.00 ,
563.75 ,-580.00 ,
715.63 ,-580.00 ,
1000.00 ,-580.00 ,
-1000.00 ,-550.00 ,
-715.63 ,-550.00 ,
-563.75 ,-550.00 ,
-462.50 ,-550.00 ,
-395.00 ,-550.00 ,
-350.00 ,-550.00 ,
-320.00 ,-550.00 ,
-300.00 ,-550.00 ,
-280.00 ,-550.00 ,
-250.00 ,-550.00 ,
-220.00 ,-550.00 ,
-200.00 ,-550.00 ,
-180.00 ,-550.00 ,
-150.00 ,-550.00 ,
-120.00 ,-550.00 ,
-100.00 ,-550.00 ,
-80.00 ,-550.00 ,
-50.00 ,-550.00 ,
-16.67 ,-550.00 ,
16.67 ,-550.00 ,
50.00 ,-550.00 ,
80.00 ,-550.00 ,
100.00 ,-550.00 ,
120.00 ,-550.00 ,
150.00 ,-550.00 ,
180.00 ,-550.00 ,
200.00 ,-550.00 ,
220.00 ,-550.00 ,
250.00 ,-550.00 ,
280.00 ,-550.00 ,
300.00 ,-550.00 ,
320.00 ,-550.00 ,
350.00 ,-550.00 ,
395.00 ,-550.00 ,
462.50 ,-550.00 ,
563.75 ,-550.00 ,
715.63 ,-550.00 ,
1000.00 ,-550.00 ,
-1000.00 ,-520.00 ,
-715.63 ,-520.00 ,
-563.75 ,-520.00 ,
-462.50 ,-520.00 ,
-395.00 ,-520.00 ,
-350.00 ,-520.00 ,
-320.00 ,-520.00 ,
-300.00 ,-520.00 ,
-280.00 ,-520.00 ,
-250.00 ,-520.00 ,
-220.00 ,-520.00 ,
-200.00 ,-520.00 ,
-180.00 ,-520.00 ,
-150.00 ,-520.00 ,
-120.00 ,-520.00 ,
-100.00 ,-520.00 ,
-80.00 ,-520.00 ,
-50.00 ,-520.00 ,
-16.67 ,-520.00 ,
16.67 ,-520.00 ,
50.00 ,-520.00 ,
80.00 ,-520.00 ,
100.00 ,-520.00 ,
120.00 ,-520.00 ,
150.00 ,-520.00 ,
180.00 ,-520.00 ,
200.00 ,-520.00 ,
220.00 ,-520.00 ,
250.00 ,-520.00 ,
280.00 ,-520.00 ,
300.00 ,-520.00 ,
320.00 ,-520.00 ,
350.00 ,-520.00 ,
395.00 ,-520.00 ,
462.50 ,-520.00 ,
563.75 ,-520.00 ,
715.63 ,-520.00 ,
1000.00 ,-520.00 ,
-1000.00 ,-500.00 ,
-715.63 ,-500.00 ,
-563.75 ,-500.00 ,
-462.50 ,-500.00 ,
-395.00 ,-500.00 ,
-350.00 ,-500.00 ,
-320.00 ,-500.00 ,
-300.00 ,-500.00 ,
-280.00 ,-500.00 ,
-250.00 ,-500.00 ,
-220.00 ,-500.00 ,
-200.00 ,-500.00 ,
-180.00 ,-500.00 ,
-150.00 ,-500.00 ,
-120.00 ,-500.00 ,
-100.00 ,-500.00 ,
-80.00 ,-500.00 ,
-50.00 ,-500.00 ,
-16.67 ,-500.00 ,
16.67 ,-500.00 ,
50.00 ,-500.00 ,
80.00 ,-500.00 ,
100.00 ,-500.00 ,
120.00 ,-500.00 ,
150.00 ,-500.00 ,
180.00 ,-500.00 ,
200.00 ,-500.00 ,
220.00 ,-500.00 ,
250.00 ,-500.00 ,
280.00 ,-500.00 ,
300.00 ,-500.00 ,
320.00 ,-500.00 ,
350.00 ,-500.00 ,
395.00 ,-500.00 ,
462.50 ,-500.00 ,
563.75 ,-500.00 ,
715.63 ,-500.00 ,
1000.00 ,-500.00 ,
-1000.00 ,-480.00 ,
-715.63 ,-480.00 ,
-563.75 ,-480.00 ,
-462.50 ,-480.00 ,
-395.00 ,-480.00 ,
-350.00 ,-480.00 ,
-320.00 ,-480.00 ,
-300.00 ,-480.00 ,
-280.00 ,-480.00 ,
-250.00 ,-480.00 ,
-220.00 ,-480.00 ,
-200.00 ,-480.00 ,
-180.00 ,-480.00 ,
-150.00 ,-480.00 ,
-120.00 ,-480.00 ,
-100.00 ,-480.00 ,
-80.00 ,-480.00 ,
-50.00 ,-480.00 ,
-16.67 ,-480.00 ,
16.67 ,-480.00 ,
50.00 ,-480.00 ,
80.00 ,-480.00 ,
100.00 ,-480.00 ,
120.00 ,-480.00 ,
150.00 ,-480.00 ,
180.00 ,-480.00 ,
200.00 ,-480.00 ,
220.00 ,-480.00 ,
250.00 ,-480.00 ,
280.00 ,-480.00 ,
300.00 ,-480.00 ,
320.00 ,-480.00 ,
350.00 ,-480.00 ,
395.00 ,-480.00 ,
462.50 ,-480.00 ,
563.75 ,-480.00 ,
715.63 ,-480.00 ,
1000.00 ,-480.00 ,
-1000.00 ,-450.00 ,
-715.63 ,-450.00 ,
-563.75 ,-450.00 ,
-462.50 ,-450.00 ,
-395.00 ,-450.00 ,
-350.00 ,-450.00 ,
-320.00 ,-450.00 ,
-300.00 ,-450.00 ,
-280.00 ,-450.00 ,
-250.00 ,-450.00 ,
-220.00 ,-450.00 ,
-200.00 ,-450.00 ,
-180.00 ,-450.00 ,
-150.00 ,-450.00 ,
-120.00 ,-450.00 ,
-100.00 ,-450.00 ,
-80.00 ,-450.00 ,
-50.00 ,-450.00 ,
-16.67 ,-450.00 ,
16.67 ,-450.00 ,
50.00 ,-450.00 ,
80.00 ,-450.00 ,
100.00 ,-450.00 ,
120.00 ,-450.00 ,
150.00 ,-450.00 ,
180.00 ,-450.00 ,
200.00 ,-450.00 ,
220.00 ,-450.00 ,
250.00 ,-450.00 ,
280.00 ,-450.00 ,
300.00 ,-450.00 ,
320.00 ,-450.00 ,
350.00 ,-450.00 ,
395.00 ,-450.00 ,
462.50 ,-450.00 ,
563.75 ,-450.00 ,
715.63 ,-450.00 ,
1000.00 ,-450.00 ,
-1000.00 ,-420.00 ,
-715.63 ,-420.00 ,
-563.75 ,-420.00 ,
-462.50 ,-420.00 ,
-395.00 ,-420.00 ,
-350.00 ,-420.00 ,
-320.00 ,-420.00 ,
-300.00 ,-420.00 ,
-280.00 ,-420.00 ,
-250.00 ,-420.00 ,
-220.00 ,-420.00 ,
-200.00 ,-420.00 ,
-180.00 ,-420.00 ,
-150.00 ,-420.00 ,
-120.00 ,-420.00 ,
-100.00 ,-420.00 ,
-80.00 ,-420.00 ,
-50.00 ,-420.00 ,
-16.67 ,-420.00 ,
16.67 ,-420.00 ,
50.00 ,-420.00 ,
80.00 ,-420.00 ,
100.00 ,-420.00 ,
120.00 ,-420.00 ,
150.00 ,-420.00 ,
180.00 ,-420.00 ,
200.00 ,-420.00 ,
220.00 ,-420.00 ,
250.00 ,-420.00 ,
280.00 ,-420.00 ,
300.00 ,-420.00 ,
320.00 ,-420.00 ,
350.00 ,-420.00 ,
395.00 ,-420.00 ,
462.50 ,-420.00 ,
563.75 ,-420.00 ,
715.63 ,-420.00 ,
1000.00 ,-420.00 ,
-1000.00 ,-400.00 ,
-715.63 ,-400.00 ,
-563.75 ,-400.00 ,
-462.50 ,-400.00 ,
-395.00 ,-400.00 ,
-350.00 ,-400.00 ,
-320.00 ,-400.00 ,
-300.00 ,-400.00 ,
-280.00 ,-400.00 ,
-250.00 ,-400.00 ,
-220.00 ,-400.00 ,
-200.00 ,-400.00 ,
-180.00 ,-400.00 ,
-150.00 ,-400.00 ,
-120.00 ,-400.00 ,
-100.00 ,-400.00 ,
-80.00 ,-400.00 ,
-50.00 ,-400.00 ,
-16.67 ,-400.00 ,
16.67 ,-400.00 ,
50.00 ,-400.00 ,
80.00 ,-400.00 ,
100.00 ,-400.00 ,
120.00 ,-400.00 ,
150.00 ,-400.00 ,
180.00 ,-400.00 ,
200.00 ,-400.00 ,
220.00 ,-400.00 ,
250.00 ,-400.00 ,
280.00 ,-400.00 ,
300.00 ,-400.00 ,
320.00 ,-400.00 ,
350.00 ,-400.00 ,
395.00 ,-400.00 ,
462.50 ,-400.00 ,
563.75 ,-400.00 ,
715.63 ,-400.00 ,
1000.00 ,-400.00 ,
-1000.00 ,-380.00 ,
-715.63 ,-380.00 ,
-563.75 ,-380.00 ,
-462.50 ,-380.00 ,
-395.00 ,-380.00 ,
-350.00 ,-380.00 ,
-320.00 ,-380.00 ,
-300.00 ,-380.00 ,
-280.00 ,-380.00 ,
-250.00 ,-380.00 ,
-220.00 ,-380.00 ,
-200.00 ,-380.00 ,
-180.00 ,-380.00 ,
-150.00 ,-380.00 ,
-120.00 ,-380.00 ,
-100.00 ,-380.00 ,
-80.00 ,-380.00 ,
-50.00 ,-380.00 ,
-16.67 ,-380.00 ,
16.67 ,-380.00 ,
50.00 ,-380.00 ,
80.00 ,-380.00 ,
100.00 ,-380.00 ,
120.00 ,-380.00 ,
150.00 ,-380.00 ,
180.00 ,-380.00 ,
200.00 ,-380.00 ,
220.00 ,-380.00 ,
250.00 ,-380.00 ,
280.00 ,-380.00 ,
300.00 ,-380.00 ,
320.00 ,-380.00 ,
350.00 ,-380.00 ,
395.00 ,-380.00 ,
462.50 ,-380.00 ,
563.75 ,-380.00 ,
715.63 ,-380.00 ,
1000.00 ,-380.00 ,
-1000.00 ,-350.00 ,
-715.63 ,-350.00 ,
-563.75 ,-350.00 ,
-462.50 ,-350.00 ,
-395.00 ,-350.00 ,
-350.00 ,-350.00 ,
-320.00 ,-350.00 ,
-300.00 ,-350.00 ,
-280.00 ,-350.00 ,
-250.00 ,-350.00 ,
-220.00 ,-350.00 ,
-200.00 ,-350.00 ,
-180.00 ,-350.00 ,
-150.00 ,-350.00 ,
-120.00 ,-350.00 ,
-100.00 ,-350.00 ,
-80.00 ,-350.00 ,
-50.00 ,-350.00 ,
-16.67 ,-350.00 ,
16.67 ,-350.00 ,
50.00 ,-350.00 ,
80.00 ,-350.00 ,
100.00 ,-350.00 ,
120.00 ,-350.00 ,
150.00 ,-350.00 ,
180.00 ,-350.00 ,
200.00 ,-350.00 ,
220.00 ,-350.00 ,
250.00 ,-350.00 ,
280.00 ,-350.00 ,
300.00 ,-350.00 ,
320.00 ,-350.00 ,
350.00 ,-350.00 ,
395.00 ,-350.00 ,
462.50 ,-350.00 ,
563.75 ,-350.00 ,
715.63 ,-350.00 ,
1000.00 ,-350.00 ,
-1000.00 ,-320.00 ,
-715.63 ,-320.00 ,
-563.75 ,-320.00 ,
-462.50 ,-320.00 ,
-395.00 ,-320.00 ,
-350.00 ,-320.00 ,
-320.00 ,-320.00 ,
-300.00 ,-320.00 ,
-280.00 ,-320.00 ,
-250.00 ,-320.00 ,
-220.00 ,-320.00 ,
-200.00 ,-320.00 ,
-180.00 ,-320.00 ,
-150.00 ,-320.00 ,
-120.00 ,-320.00 ,
-100.00 ,-320.00 ,
-80.00 ,-320.00 ,
-50.00 ,-320.00 ,
-16.67 ,-320.00 ,
16.67 ,-320.00 ,
50.00 ,-320.00 ,
80.00 ,-320.00 ,
100.00 ,-320.00 ,
120.00 ,-320.00 ,
150.00 ,-320.00 ,
180.00 ,-320.00 ,
200.00 ,-320.00 ,
220.00 ,-320.00 ,
250.00 ,-320.00 ,
280.00 ,-320.00 ,
300.00 ,-320.00 ,
320.00 ,-320.00 ,
350.00 ,-320.00 ,
395.00 ,-320.00 ,
462.50 ,-320.00 ,
563.75 ,-320.00 ,
715.63 ,-320.00 ,
1000.00 ,-320.00 ,
-1000.00 ,-300.00 ,
-715.63 ,-300.00 ,
-563.75 ,-300.00 ,
-462.50 ,-300.00 ,
-395.00 ,-300.00 ,
-350.00 ,-300.00 ,
-320.00 ,-300.00 ,
-300.00 ,-300.00 ,
-280.00 ,-300.00 ,
-250.00 ,-300.00 ,
-220.00 ,-300.00 ,
-200.00 ,-300.00 ,
-180.00 ,-300.00 ,
-150.00 ,-300.00 ,
-120.00 ,-300.00 ,
-100.00 ,-300.00 ,
-80.00 ,-300.00 ,
-50.00 ,-300.00 ,
-16.67 ,-300.00 ,
16.67 ,-300.00 ,
50.00 ,-300.00 ,
80.00 ,-300.00 ,
100.00 ,-300.00 ,
120.00 ,-300.00 ,
150.00 ,-300.00 ,
180.00 ,-300.00 ,
200.00 ,-300.00 ,
220.00 ,-300.00 ,
250.00 ,-300.00 ,
280.00 ,-300.00 ,
300.00 ,-300.00 ,
320.00 ,-300.00 ,
350.00 ,-300.00 ,
395.00 ,-300.00 ,
462.50 ,-300.00 ,
563.75 ,-300.00 ,
715.63 ,-300.00 ,
1000.00 ,-300.00 ,
-1000.00 ,-280.00 ,
-715.63 ,-280.00 ,
-563.75 ,-280.00 ,
-462.50 ,-280.00 ,
-395.00 ,-280.00 ,
-350.00 ,-280.00 ,
-320.00 ,-280.00 ,
-300.00 ,-280.00 ,
-280.00 ,-280.00 ,
-250.00 ,-280.00 ,
-220.00 ,-280.00 ,
-200.00 ,-280.00 ,
-180.00 ,-280.00 ,
-150.00 ,-280.00 ,
-120.00 ,-280.00 ,
-100.00 ,-280.00 ,
-80.00 ,-280.00 ,
-50.00 ,-280.00 ,
-16.67 ,-280.00 ,
16.67 ,-280.00 ,
50.00 ,-280.00 ,
80.00 ,-280.00 ,
100.00 ,-280.00 ,
120.00 ,-280.00 ,
150.00 ,-280.00 ,
180.00 ,-280.00 ,
200.00 ,-280.00 ,
220.00 ,-280.00 ,
250.00 ,-280.00 ,
280.00 ,-280.00 ,
300.00 ,-280.00 ,
320.00 ,-280.00 ,
350.00 ,-280.00 ,
395.00 ,-280.00 ,
462.50 ,-280.00 ,
563.75 ,-280.00 ,
715.63 ,-280.00 ,
1000.00 ,-280.00 ,
-1000.00 ,-250.00 ,
-715.63 ,-250.00 ,
-563.75 ,-250.00 ,
-462.50 ,-250.00 ,
-395.00 ,-250.00 ,
-350.00 ,-250.00 ,
-320.00 ,-250.00 ,
-300.00 ,-250.00 ,
-280.00 ,-250.00 ,
-250.00 ,-250.00 ,
-220.00 ,-250.00 ,
-200.00 ,-250.00 ,
-180.00 ,-250.00 ,
-150.00 ,-250.00 ,
-120.00 ,-250.00 ,
-100.00 ,-250.00 ,
-80.00 ,-250.00 ,
-50.00 ,-250.00 ,
-16.67 ,-250.00 ,
16.67 ,-250.00 ,
50.00 ,-250.00 ,
80.00 ,-250.00 ,
100.00 ,-250.00 ,
120.00 ,-250.00 ,
150.00 ,-250.00 ,
180.00 ,-250.00 ,
200.00 ,-250.00 ,
220.00 ,-250.00 ,
250.00 ,-250.00 ,
280.00 ,-250.00 ,
300.00 ,-250.00 ,
320.00 ,-250.00 ,
350.00 ,-250.00 ,
395.00 ,-250.00 ,
462.50 ,-250.00 ,
563.75 ,-250.00 ,
715.63 ,-250.00 ,
1000.00 ,-250.00 ,
-1000.00 ,-220.00 ,
-715.63 ,-220.00 ,
-563.75 ,-220.00 ,
-462.50 ,-220.00 ,
-395.00 ,-220.00 ,
-350.00 ,-220.00 ,
-320.00 ,-220.00 ,
-300.00 ,-220.00 ,
-280.00 ,-220.00 ,
-250.00 ,-220.00 ,
-220.00 ,-220.00 ,
-200.00 ,-220.00 ,
-180.00 ,-220.00 ,
-150.00 ,-220.00 ,
-120.00 ,-220.00 ,
-100.00 ,-220.00 ,
-80.00 ,-220.00 ,
-50.00 ,-220.00 ,
-16.67 ,-220.00 ,
16.67 ,-220.00 ,
50.00 ,-220.00 ,
80.00 ,-220.00 ,
100.00 ,-220.00 ,
120.00 ,-220.00 ,
150.00 ,-220.00 ,
180.00 ,-220.00 ,
200.00 ,-220.00 ,
220.00 ,-220.00 ,
250.00 ,-220.00 ,
280.00 ,-220.00 ,
300.00 ,-220.00 ,
320.00 ,-220.00 ,
350.00 ,-220.00 ,
395.00 ,-220.00 ,
462.50 ,-220.00 ,
563.75 ,-220.00 ,
715.63 ,-220.00 ,
1000.00 ,-220.00 ,
-1000.00 ,-200.00 ,
-715.63 ,-200.00 ,
-563.75 ,-200.00 ,
-462.50 ,-200.00 ,
-395.00 ,-200.00 ,
-350.00 ,-200.00 ,
-320.00 ,-200.00 ,
-300.00 ,-200.00 ,
-280.00 ,-200.00 ,
-250.00 ,-200.00 ,
-220.00 ,-200.00 ,
-200.00 ,-200.00 ,
-180.00 ,-200.00 ,
-150.00 ,-200.00 ,
-120.00 ,-200.00 ,
-100.00 ,-200.00 ,
-80.00 ,-200.00 ,
-50.00 ,-200.00 ,
-16.67 ,-200.00 ,
16.67 ,-200.00 ,
50.00 ,-200.00 ,
80.00 ,-200.00 ,
100.00 ,-200.00 ,
120.00 ,-200.00 ,
150.00 ,-200.00 ,
180.00 ,-200.00 ,
200.00 ,-200.00 ,
220.00 ,-200.00 ,
250.00 ,-200.00 ,
280.00 ,-200.00 ,
300.00 ,-200.00 ,
320.00 ,-200.00 ,
350.00 ,-200.00 ,
395.00 ,-200.00 ,
462.50 ,-200.00 ,
563.75 ,-200.00 ,
715.63 ,-200.00 ,
1000.00 ,-200.00 ,
-1000.00 ,-180.00 ,
-715.63 ,-180.00 ,
-563.75 ,-180.00 ,
-462.50 ,-180.00 ,
-395.00 ,-180.00 ,
-350.00 ,-180.00 ,
-320.00 ,-180.00 ,
-300.00 ,-180.00 ,
-280.00 ,-180.00 ,
-250.00 ,-180.00 ,
-220.00 ,-180.00 ,
-200.00 ,-180.00 ,
-180.00 ,-180.00 ,
-150.00 ,-180.00 ,
-120.00 ,-180.00 ,
-100.00 ,-180.00 ,
-80.00 ,-180.00 ,
-50.00 ,-180.00 ,
-16.67 ,-180.00 ,
16.67 ,-180.00 ,
50.00 ,-180.00 ,
80.00 ,-180.00 ,
100.00 ,-180.00 ,
120.00 ,-180.00 ,
150.00 ,-180.00 ,
180.00 ,-180.00 ,
200.00 ,-180.00 ,
220.00 ,-180.00 ,
250.00 ,-180.00 ,
280.00 ,-180.00 ,
300.00 ,-180.00 ,
320.00 ,-180.00 ,
350.00 ,-180.00 ,
395.00 ,-180.00 ,
462.50 ,-180.00 ,
563.75 ,-180.00 ,
715.63 ,-180.00 ,
1000.00 ,-180.00 ,
-1000.00 ,-150.00 ,
-715.63 ,-150.00 ,
-563.75 ,-150.00 ,
-462.50 ,-150.00 ,
-395.00 ,-150.00 ,
-350.00 ,-150.00 ,
-320.00 ,-150.00 ,
-300.00 ,-150.00 ,
-280.00 ,-150.00 ,
-250.00 ,-150.00 ,
-220.00 ,-150.00 ,
-200.00 ,-150.00 ,
-180.00 ,-150.00 ,
-150.00 ,-150.00 ,
-120.00 ,-150.00 ,
-100.00 ,-150.00 ,
-80.00 ,-150.00 ,
-50.00 ,-150.00 ,
-16.67 ,-150.00 ,
16.67 ,-150.00 ,
50.00 ,-150.00 ,
80.00 ,-150.00 ,
100.00 ,-150.00 ,
120.00 ,-150.00 ,
150.00 ,-150.00 ,
180.00 ,-150.00 ,
200.00 ,-150.00 ,
220.00 ,-150.00 ,
250.00 ,-150.00 ,
280.00 ,-150.00 ,
300.00 ,-150.00 ,
320.00 ,-150.00 ,
350.00 ,-150.00 ,
395.00 ,-150.00 ,
462.50 ,-150.00 ,
563.75 ,-150.00 ,
715.63 ,-150.00 ,
1000.00 ,-150.00 ,
-1000.00 ,-120.00 ,
-715.63 ,-120.00 ,
-563.75 ,-120.00 ,
-462.50 ,-120.00 ,
-395.00 ,-120.00 ,
-350.00 ,-120.00 ,
-320.00 ,-120.00 ,
-300.00 ,-120.00 ,
-280.00 ,-120.00 ,
-250.00 ,-120.00 ,
-220.00 ,-120.00 ,
-200.00 ,-120.00 ,
-180.00 ,-120.00 ,
-150.00 ,-120.00 ,
-120.00 ,-120.00 ,
-100.00 ,-120.00 ,
-80.00 ,-120.00 ,
-50.00 ,-120.00 ,
-16.67 ,-120.00 ,
16.67 ,-120.00 ,
50.00 ,-120.00 ,
80.00 ,-120.00 ,
100.00 ,-120.00 ,
120.00 ,-120.00 ,
150.00 ,-120.00 ,
180.00 ,-120.00 ,
200.00 ,-120.00 ,
220.00 ,-120.00 ,
250.00 ,-120.00 ,
280.00 ,-120.00 ,
300.00 ,-120.00 ,
320.00 ,-120.00 ,
350.00 ,-120.00 ,
395.00 ,-120.00 ,
462.50 ,-120.00 ,
563.75 ,-120.00 ,
715.63 ,-120.00 ,
1000.00 ,-120.00 ,
-1000.00 ,-100.00 ,
-715.63 ,-100.00 ,
-563.75 ,-100.00 ,
-462.50 ,-100.00 ,
-395.00 ,-100.00 ,
-350.00 ,-100.00 ,
-320.00 ,-100.00 ,
-300.00 ,-100.00 ,
-280.00 ,-100.00 ,
-250.00 ,-100.00 ,
-220.00 ,-100.00 ,
-200.00 ,-100.00 ,
-180.00 ,-100.00 ,
-150.00 ,-100.00 ,
-120.00 ,-100.00 ,
-100.00 ,-100.00 ,
-80.00 ,-100.00 ,
-50.00 ,-100.00 ,
-16.67 ,-100.00 ,
16.67 ,-100.00 ,
50.00 ,-100.00 ,
80.00 ,-100.00 ,
100.00 ,-100.00 ,
120.00 ,-100.00 ,
150.00 ,-100.00 ,
180.00 ,-100.00 ,
200.00 ,-100.00 ,
220.00 ,-100.00 ,
250.00 ,-100.00 ,
280.00 ,-100.00 ,
300.00 ,-100.00 ,
320.00 ,-100.00 ,
350.00 ,-100.00 ,
395.00 ,-100.00 ,
462.50 ,-100.00 ,
563.75 ,-100.00 ,
715.63 ,-100.00 ,
1000.00 ,-100.00 ,
-1000.00 ,-83.33 ,
-715.63 ,-83.33 ,
-563.75 ,-83.33 ,
-462.50 ,-83.33 ,
-395.00 ,-83.33 ,
-350.00 ,-83.33 ,
-320.00 ,-83.33 ,
-300.00 ,-83.33 ,
-280.00 ,-83.33 ,
-250.00 ,-83.33 ,
-220.00 ,-83.33 ,
-200.00 ,-83.33 ,
-180.00 ,-83.33 ,
-150.00 ,-83.33 ,
-120.00 ,-83.33 ,
-100.00 ,-83.33 ,
-80.00 ,-83.33 ,
-50.00 ,-83.33 ,
-16.67 ,-83.33 ,
16.67 ,-83.33 ,
50.00 ,-83.33 ,
80.00 ,-83.33 ,
100.00 ,-83.33 ,
120.00 ,-83.33 ,
150.00 ,-83.33 ,
180.00 ,-83.33 ,
200.00 ,-83.33 ,
220.00 ,-83.33 ,
250.00 ,-83.33 ,
280.00 ,-83.33 ,
300.00 ,-83.33 ,
320.00 ,-83.33 ,
350.00 ,-83.33 ,
395.00 ,-83.33 ,
462.50 ,-83.33 ,
563.75 ,-83.33 ,
715.63 ,-83.33 ,
1000.00 ,-83.33 ,
-1000.00 ,-66.67 ,
-715.63 ,-66.67 ,
-563.75 ,-66.67 ,
-462.50 ,-66.67 ,
-395.00 ,-66.67 ,
-350.00 ,-66.67 ,
-320.00 ,-66.67 ,
-300.00 ,-66.67 ,
-280.00 ,-66.67 ,
-250.00 ,-66.67 ,
-220.00 ,-66.67 ,
-200.00 ,-66.67 ,
-180.00 ,-66.67 ,
-150.00 ,-66.67 ,
-120.00 ,-66.67 ,
-100.00 ,-66.67 ,
-80.00 ,-66.67 ,
-50.00 ,-66.67 ,
-16.67 ,-66.67 ,
16.67 ,-66.67 ,
50.00 ,-66.67 ,
80.00 ,-66.67 ,
100.00 ,-66.67 ,
120.00 ,-66.67 ,
150.00 ,-66.67 ,
180.00 ,-66.67 ,
200.00 ,-66.67 ,
220.00 ,-66.67 ,
250.00 ,-66.67 ,
280.00 ,-66.67 ,
300.00 ,-66.67 ,
320.00 ,-66.67 ,
350.00 ,-66.67 ,
395.00 ,-66.67 ,
462.50 ,-66.67 ,
563.75 ,-66.67 ,
715.63 ,-66.67 ,
1000.00 ,-66.67 ,
-1000.00 ,-50.00 ,
-715.63 ,-50.00 ,
-563.75 ,-50.00 ,
-462.50 ,-50.00 ,
-395.00 ,-50.00 ,
-350.00 ,-50.00 ,
-320.00 ,-50.00 ,
-300.00 ,-50.00 ,
-280.00 ,-50.00 ,
-250.00 ,-50.00 ,
-220.00 ,-50.00 ,
-200.00 ,-50.00 ,
-180.00 ,-50.00 ,
-150.00 ,-50.00 ,
-120.00 ,-50.00 ,
-100.00 ,-50.00 ,
-80.00 ,-50.00 ,
-50.00 ,-50.00 ,
-16.67 ,-50.00 ,
16.67 ,-50.00 ,
50.00 ,-50.00 ,
80.00 ,-50.00 ,
100.00 ,-50.00 ,
120.00 ,-50.00 ,
150.00 ,-50.00 ,
180.00 ,-50.00 ,
200.00 ,-50.00 ,
220.00 ,-50.00 ,
250.00 ,-50.00 ,
280.00 ,-50.00 ,
300.00 ,-50.00 ,
320.00 ,-50.00 ,
350.00 ,-50.00 ,
395.00 ,-50.00 ,
462.50 ,-50.00 ,
563.75 ,-50.00 ,
715.63 ,-50.00 ,
1000.00 ,-50.00 ,
-1000.00 ,-30.00 ,
-715.63 ,-30.00 ,
-563.75 ,-30.00 ,
-462.50 ,-30.00 ,
-395.00 ,-30.00 ,
-350.00 ,-30.00 ,
-320.00 ,-30.00 ,
-300.00 ,-30.00 ,
-280.00 ,-30.00 ,
-250.00 ,-30.00 ,
-220.00 ,-30.00 ,
-200.00 ,-30.00 ,
-180.00 ,-30.00 ,
-150.00 ,-30.00 ,
-120.00 ,-30.00 ,
-100.00 ,-30.00 ,
-80.00 ,-30.00 ,
-50.00 ,-30.00 ,
-16.67 ,-30.00 ,
16.67 ,-30.00 ,
50.00 ,-30.00 ,
80.00 ,-30.00 ,
100.00 ,-30.00 ,
120.00 ,-30.00 ,
150.00 ,-30.00 ,
180.00 ,-30.00 ,
200.00 ,-30.00 ,
220.00 ,-30.00 ,
250.00 ,-30.00 ,
280.00 ,-30.00 ,
300.00 ,-30.00 ,
320.00 ,-30.00 ,
350.00 ,-30.00 ,
395.00 ,-30.00 ,
462.50 ,-30.00 ,
563.75 ,-30.00 ,
715.63 ,-30.00 ,
1000.00 ,-30.00 ,
-1000.00 ,0.00 ,
-715.63 ,0.00 ,
-563.75 ,0.00 ,
-462.50 ,0.00 ,
-395.00 ,0.00 ,
-350.00 ,0.00 ,
-320.00 ,0.00 ,
-300.00 ,0.00 ,
-280.00 ,0.00 ,
-250.00 ,0.00 ,
-220.00 ,0.00 ,
-200.00 ,0.00 ,
-180.00 ,0.00 ,
-150.00 ,0.00 ,
-120.00 ,0.00 ,
-100.00 ,0.00 ,
-80.00 ,0.00 ,
-50.00 ,0.00 ,
-16.67 ,0.00 ,
16.67 ,0.00 ,
50.00 ,0.00 ,
80.00 ,0.00 ,
100.00 ,0.00 ,
120.00 ,0.00 ,
150.00 ,0.00 ,
180.00 ,0.00 ,
200.00 ,0.00 ,
220.00 ,0.00 ,
250.00 ,0.00 ,
280.00 ,0.00 ,
300.00 ,0.00 ,
320.00 ,0.00 ,
350.00 ,0.00 ,
395.00 ,0.00 ,
462.50 ,0.00 ,
563.75 ,0.00 ,
715.63 ,0.00 ,
1000.00 ,0.00 ,
-1000.00 ,30.00 ,
-715.63 ,30.00 ,
-563.75 ,30.00 ,
-462.50 ,30.00 ,
-395.00 ,30.00 ,
-350.00 ,30.00 ,
-320.00 ,30.00 ,
-300.00 ,30.00 ,
-280.00 ,30.00 ,
-250.00 ,30.00 ,
-220.00 ,30.00 ,
-200.00 ,30.00 ,
-180.00 ,30.00 ,
-150.00 ,30.00 ,
-120.00 ,30.00 ,
-100.00 ,30.00 ,
-80.00 ,30.00 ,
-50.00 ,30.00 ,
-16.67 ,30.00 ,
16.67 ,30.00 ,
50.00 ,30.00 ,
80.00 ,30.00 ,
100.00 ,30.00 ,
120.00 ,30.00 ,
150.00 ,30.00 ,
180.00 ,30.00 ,
200.00 ,30.00 ,
220.00 ,30.00 ,
250.00 ,30.00 ,
280.00 ,30.00 ,
300.00 ,30.00 ,
320.00 ,30.00 ,
350.00 ,30.00 ,
395.00 ,30.00 ,
462.50 ,30.00 ,
563.75 ,30.00 ,
715.63 ,30.00 ,
1000.00 ,30.00 ,
-1000.00 ,50.00 ,
-715.63 ,50.00 ,
-563.75 ,50.00 ,
-462.50 ,50.00 ,
-395.00 ,50.00 ,
-350.00 ,50.00 ,
-320.00 ,50.00 ,
-300.00 ,50.00 ,
-280.00 ,50.00 ,
-250.00 ,50.00 ,
-220.00 ,50.00 ,
-200.00 ,50.00 ,
-180.00 ,50.00 ,
-150.00 ,50.00 ,
-120.00 ,50.00 ,
-100.00 ,50.00 ,
-80.00 ,50.00 ,
-50.00 ,50.00 ,
-16.67 ,50.00 ,
16.67 ,50.00 ,
50.00 ,50.00 ,
80.00 ,50.00 ,
100.00 ,50.00 ,
120.00 ,50.00 ,
150.00 ,50.00 ,
180.00 ,50.00 ,
200.00 ,50.00 ,
220.00 ,50.00 ,
250.00 ,50.00 ,
280.00 ,50.00 ,
300.00 ,50.00 ,
320.00 ,50.00 ,
350.00 ,50.00 ,
395.00 ,50.00 ,
462.50 ,50.00 ,
563.75 ,50.00 ,
715.63 ,50.00 ,
1000.00 ,50.00 ,
-1000.00 ,66.67 ,
-715.63 ,66.67 ,
-563.75 ,66.67 ,
-462.50 ,66.67 ,
-395.00 ,66.67 ,
-350.00 ,66.67 ,
-320.00 ,66.67 ,
-300.00 ,66.67 ,
-280.00 ,66.67 ,
-250.00 ,66.67 ,
-220.00 ,66.67 ,
-200.00 ,66.67 ,
-180.00 ,66.67 ,
-150.00 ,66.67 ,
-120.00 ,66.67 ,
-100.00 ,66.67 ,
-80.00 ,66.67 ,
-50.00 ,66.67 ,
-16.67 ,66.67 ,
16.67 ,66.67 ,
50.00 ,66.67 ,
80.00 ,66.67 ,
100.00 ,66.67 ,
120.00 ,66.67 ,
150.00 ,66.67 ,
180.00 ,66.67 ,
200.00 ,66.67 ,
220.00 ,66.67 ,
250.00 ,66.67 ,
280.00 ,66.67 ,
300.00 ,66.67 ,
320.00 ,66.67 ,
350.00 ,66.67 ,
395.00 ,66.67 ,
462.50 ,66.67 ,
563.75 ,66.67 ,
715.63 ,66.67 ,
1000.00 ,66.67 ,
-1000.00 ,83.33 ,
-715.63 ,83.33 ,
-563.75 ,83.33 ,
-462.50 ,83.33 ,
-395.00 ,83.33 ,
-350.00 ,83.33 ,
-320.00 ,83.33 ,
-300.00 ,83.33 ,
-280.00 ,83.33 ,
-250.00 ,83.33 ,
-220.00 ,83.33 ,
-200.00 ,83.33 ,
-180.00 ,83.33 ,
-150.00 ,83.33 ,
-120.00 ,83.33 ,
-100.00 ,83.33 ,
-80.00 ,83.33 ,
-50.00 ,83.33 ,
-16.67 ,83.33 ,
16.67 ,83.33 ,
50.00 ,83.33 ,
80.00 ,83.33 ,
100.00 ,83.33 ,
120.00 ,83.33 ,
150.00 ,83.33 ,
180.00 ,83.33 ,
200.00 ,83.33 ,
220.00 ,83.33 ,
250.00 ,83.33 ,
280.00 ,83.33 ,
300.00 ,83.33 ,
320.00 ,83.33 ,
350.00 ,83.33 ,
395.00 ,83.33 ,
462.50 ,83.33 ,
563.75 ,83.33 ,
715.63 ,83.33 ,
1000.00 ,83.33 ,
-1000.00 ,100.00 ,
-715.63 ,100.00 ,
-563.75 ,100.00 ,
-462.50 ,100.00 ,
-395.00 ,100.00 ,
-350.00 ,100.00 ,
-320.00 ,100.00 ,
-300.00 ,100.00 ,
-280.00 ,100.00 ,
-250.00 ,100.00 ,
-220.00 ,100.00 ,
-200.00 ,100.00 ,
-180.00 ,100.00 ,
-150.00 ,100.00 ,
-120.00 ,100.00 ,
-100.00 ,100.00 ,
-80.00 ,100.00 ,
-50.00 ,100.00 ,
-16.67 ,100.00 ,
16.67 ,100.00 ,
50.00 ,100.00 ,
80.00 ,100.00 ,
100.00 ,100.00 ,
120.00 ,100.00 ,
150.00 ,100.00 ,
180.00 ,100.00 ,
200.00 ,100.00 ,
220.00 ,100.00 ,
250.00 ,100.00 ,
280.00 ,100.00 ,
300.00 ,100.00 ,
320.00 ,100.00 ,
350.00 ,100.00 ,
395.00 ,100.00 ,
462.50 ,100.00 ,
563.75 ,100.00 ,
715.63 ,100.00 ,
1000.00 ,100.00 ,
-1000.00 ,120.00 ,
-715.63 ,120.00 ,
-563.75 ,120.00 ,
-462.50 ,120.00 ,
-395.00 ,120.00 ,
-350.00 ,120.00 ,
-320.00 ,120.00 ,
-300.00 ,120.00 ,
-280.00 ,120.00 ,
-250.00 ,120.00 ,
-220.00 ,120.00 ,
-200.00 ,120.00 ,
-180.00 ,120.00 ,
-150.00 ,120.00 ,
-120.00 ,120.00 ,
-100.00 ,120.00 ,
-80.00 ,120.00 ,
-50.00 ,120.00 ,
-16.67 ,120.00 ,
16.67 ,120.00 ,
50.00 ,120.00 ,
80.00 ,120.00 ,
100.00 ,120.00 ,
120.00 ,120.00 ,
150.00 ,120.00 ,
180.00 ,120.00 ,
200.00 ,120.00 ,
220.00 ,120.00 ,
250.00 ,120.00 ,
280.00 ,120.00 ,
300.00 ,120.00 ,
320.00 ,120.00 ,
350.00 ,120.00 ,
395.00 ,120.00 ,
462.50 ,120.00 ,
563.75 ,120.00 ,
715.63 ,120.00 ,
1000.00 ,120.00 ,
-1000.00 ,150.00 ,
-715.63 ,150.00 ,
-563.75 ,150.00 ,
-462.50 ,150.00 ,
-395.00 ,150.00 ,
-350.00 ,150.00 ,
-320.00 ,150.00 ,
-300.00 ,150.00 ,
-280.00 ,150.00 ,
-250.00 ,150.00 ,
-220.00 ,150.00 ,
-200.00 ,150.00 ,
-180.00 ,150.00 ,
-150.00 ,150.00 ,
-120.00 ,150.00 ,
-100.00 ,150.00 ,
-80.00 ,150.00 ,
-50.00 ,150.00 ,
-16.67 ,150.00 ,
16.67 ,150.00 ,
50.00 ,150.00 ,
80.00 ,150.00 ,
100.00 ,150.00 ,
120.00 ,150.00 ,
150.00 ,150.00 ,
180.00 ,150.00 ,
200.00 ,150.00 ,
220.00 ,150.00 ,
250.00 ,150.00 ,
280.00 ,150.00 ,
300.00 ,150.00 ,
320.00 ,150.00 ,
350.00 ,150.00 ,
395.00 ,150.00 ,
462.50 ,150.00 ,
563.75 ,150.00 ,
715.63 ,150.00 ,
1000.00 ,150.00 ,
-1000.00 ,180.00 ,
-715.63 ,180.00 ,
-563.75 ,180.00 ,
-462.50 ,180.00 ,
-395.00 ,180.00 ,
-350.00 ,180.00 ,
-320.00 ,180.00 ,
-300.00 ,180.00 ,
-280.00 ,180.00 ,
-250.00 ,180.00 ,
-220.00 ,180.00 ,
-200.00 ,180.00 ,
-180.00 ,180.00 ,
-150.00 ,180.00 ,
-120.00 ,180.00 ,
-100.00 ,180.00 ,
-80.00 ,180.00 ,
-50.00 ,180.00 ,
-16.67 ,180.00 ,
16.67 ,180.00 ,
50.00 ,180.00 ,
80.00 ,180.00 ,
100.00 ,180.00 ,
120.00 ,180.00 ,
150.00 ,180.00 ,
180.00 ,180.00 ,
200.00 ,180.00 ,
220.00 ,180.00 ,
250.00 ,180.00 ,
280.00 ,180.00 ,
300.00 ,180.00 ,
320.00 ,180.00 ,
350.00 ,180.00 ,
395.00 ,180.00 ,
462.50 ,180.00 ,
563.75 ,180.00 ,
715.63 ,180.00 ,
1000.00 ,180.00 ,
-1000.00 ,200.00 ,
-715.63 ,200.00 ,
-563.75 ,200.00 ,
-462.50 ,200.00 ,
-395.00 ,200.00 ,
-350.00 ,200.00 ,
-320.00 ,200.00 ,
-300.00 ,200.00 ,
-280.00 ,200.00 ,
-250.00 ,200.00 ,
-220.00 ,200.00 ,
-200.00 ,200.00 ,
-180.00 ,200.00 ,
-150.00 ,200.00 ,
-120.00 ,200.00 ,
-100.00 ,200.00 ,
-80.00 ,200.00 ,
-50.00 ,200.00 ,
-16.67 ,200.00 ,
16.67 ,200.00 ,
50.00 ,200.00 ,
80.00 ,200.00 ,
100.00 ,200.00 ,
120.00 ,200.00 ,
150.00 ,200.00 ,
180.00 ,200.00 ,
200.00 ,200.00 ,
220.00 ,200.00 ,
250.00 ,200.00 ,
280.00 ,200.00 ,
300.00 ,200.00 ,
320.00 ,200.00 ,
350.00 ,200.00 ,
395.00 ,200.00 ,
462.50 ,200.00 ,
563.75 ,200.00 ,
715.63 ,200.00 ,
1000.00 ,200.00 ,
-1000.00 ,220.00 ,
-715.63 ,220.00 ,
-563.75 ,220.00 ,
-462.50 ,220.00 ,
-395.00 ,220.00 ,
-350.00 ,220.00 ,
-320.00 ,220.00 ,
-300.00 ,220.00 ,
-280.00 ,220.00 ,
-250.00 ,220.00 ,
-220.00 ,220.00 ,
-200.00 ,220.00 ,
-180.00 ,220.00 ,
-150.00 ,220.00 ,
-120.00 ,220.00 ,
-100.00 ,220.00 ,
-80.00 ,220.00 ,
-50.00 ,220.00 ,
-16.67 ,220.00 ,
16.67 ,220.00 ,
50.00 ,220.00 ,
80.00 ,220.00 ,
100.00 ,220.00 ,
120.00 ,220.00 ,
150.00 ,220.00 ,
180.00 ,220.00 ,
200.00 ,220.00 ,
220.00 ,220.00 ,
250.00 ,220.00 ,
280.00 ,220.00 ,
300.00 ,220.00 ,
320.00 ,220.00 ,
350.00 ,220.00 ,
395.00 ,220.00 ,
462.50 ,220.00 ,
563.75 ,220.00 ,
715.63 ,220.00 ,
1000.00 ,220.00 ,
-1000.00 ,250.00 ,
-715.63 ,250.00 ,
-563.75 ,250.00 ,
-462.50 ,250.00 ,
-395.00 ,250.00 ,
-350.00 ,250.00 ,
-320.00 ,250.00 ,
-300.00 ,250.00 ,
-280.00 ,250.00 ,
-250.00 ,250.00 ,
-220.00 ,250.00 ,
-200.00 ,250.00 ,
-180.00 ,250.00 ,
-150.00 ,250.00 ,
-120.00 ,250.00 ,
-100.00 ,250.00 ,
-80.00 ,250.00 ,
-50.00 ,250.00 ,
-16.67 ,250.00 ,
16.67 ,250.00 ,
50.00 ,250.00 ,
80.00 ,250.00 ,
100.00 ,250.00 ,
120.00 ,250.00 ,
150.00 ,250.00 ,
180.00 ,250.00 ,
200.00 ,250.00 ,
220.00 ,250.00 ,
250.00 ,250.00 ,
280.00 ,250.00 ,
300.00 ,250.00 ,
320.00 ,250.00 ,
350.00 ,250.00 ,
395.00 ,250.00 ,
462.50 ,250.00 ,
563.75 ,250.00 ,
715.63 ,250.00 ,
1000.00 ,250.00 ,
-1000.00 ,280.00 ,
-715.63 ,280.00 ,
-563.75 ,280.00 ,
-462.50 ,280.00 ,
-395.00 ,280.00 ,
-350.00 ,280.00 ,
-320.00 ,280.00 ,
-300.00 ,280.00 ,
-280.00 ,280.00 ,
-250.00 ,280.00 ,
-220.00 ,280.00 ,
-200.00 ,280.00 ,
-180.00 ,280.00 ,
-150.00 ,280.00 ,
-120.00 ,280.00 ,
-100.00 ,280.00 ,
-80.00 ,280.00 ,
-50.00 ,280.00 ,
-16.67 ,280.00 ,
16.67 ,280.00 ,
50.00 ,280.00 ,
80.00 ,280.00 ,
100.00 ,280.00 ,
120.00 ,280.00 ,
150.00 ,280.00 ,
180.00 ,280.00 ,
200.00 ,280.00 ,
220.00 ,280.00 ,
250.00 ,280.00 ,
280.00 ,280.00 ,
300.00 ,280.00 ,
320.00 ,280.00 ,
350.00 ,280.00 ,
395.00 ,280.00 ,
462.50 ,280.00 ,
563.75 ,280.00 ,
715.63 ,280.00 ,
1000.00 ,280.00 ,
-1000.00 ,300.00 ,
-715.63 ,300.00 ,
-563.75 ,300.00 ,
-462.50 ,300.00 ,
-395.00 ,300.00 ,
-350.00 ,300.00 ,
-320.00 ,300.00 ,
-300.00 ,300.00 ,
-280.00 ,300.00 ,
-250.00 ,300.00 ,
-220.00 ,300.00 ,
-200.00 ,300.00 ,
-180.00 ,300.00 ,
-150.00 ,300.00 ,
-120.00 ,300.00 ,
-100.00 ,300.00 ,
-80.00 ,300.00 ,
-50.00 ,300.00 ,
-16.67 ,300.00 ,
16.67 ,300.00 ,
50.00 ,300.00 ,
80.00 ,300.00 ,
100.00 ,300.00 ,
120.00 ,300.00 ,
150.00 ,300.00 ,
180.00 ,300.00 ,
200.00 ,300.00 ,
220.00 ,300.00 ,
250.00 ,300.00 ,
280.00 ,300.00 ,
300.00 ,300.00 ,
320.00 ,300.00 ,
350.00 ,300.00 ,
395.00 ,300.00 ,
462.50 ,300.00 ,
563.75 ,300.00 ,
715.63 ,300.00 ,
1000.00 ,300.00 ,
-1000.00 ,320.00 ,
-715.63 ,320.00 ,
-563.75 ,320.00 ,
-462.50 ,320.00 ,
-395.00 ,320.00 ,
-350.00 ,320.00 ,
-320.00 ,320.00 ,
-300.00 ,320.00 ,
-280.00 ,320.00 ,
-250.00 ,320.00 ,
-220.00 ,320.00 ,
-200.00 ,320.00 ,
-180.00 ,320.00 ,
-150.00 ,320.00 ,
-120.00 ,320.00 ,
-100.00 ,320.00 ,
-80.00 ,320.00 ,
-50.00 ,320.00 ,
-16.67 ,320.00 ,
16.67 ,320.00 ,
50.00 ,320.00 ,
80.00 ,320.00 ,
100.00 ,320.00 ,
120.00 ,320.00 ,
150.00 ,320.00 ,
180.00 ,320.00 ,
200.00 ,320.00 ,
220.00 ,320.00 ,
250.00 ,320.00 ,
280.00 ,320.00 ,
300.00 ,320.00 ,
320.00 ,320.00 ,
350.00 ,320.00 ,
395.00 ,320.00 ,
462.50 ,320.00 ,
563.75 ,320.00 ,
715.63 ,320.00 ,
1000.00 ,320.00 ,
-1000.00 ,350.00 ,
-715.63 ,350.00 ,
-563.75 ,350.00 ,
-462.50 ,350.00 ,
-395.00 ,350.00 ,
-350.00 ,350.00 ,
-320.00 ,350.00 ,
-300.00 ,350.00 ,
-280.00 ,350.00 ,
-250.00 ,350.00 ,
-220.00 ,350.00 ,
-200.00 ,350.00 ,
-180.00 ,350.00 ,
-150.00 ,350.00 ,
-120.00 ,350.00 ,
-100.00 ,350.00 ,
-80.00 ,350.00 ,
-50.00 ,350.00 ,
-16.67 ,350.00 ,
16.67 ,350.00 ,
50.00 ,350.00 ,
80.00 ,350.00 ,
100.00 ,350.00 ,
120.00 ,350.00 ,
150.00 ,350.00 ,
180.00 ,350.00 ,
200.00 ,350.00 ,
220.00 ,350.00 ,
250.00 ,350.00 ,
280.00 ,350.00 ,
300.00 ,350.00 ,
320.00 ,350.00 ,
350.00 ,350.00 ,
395.00 ,350.00 ,
462.50 ,350.00 ,
563.75 ,350.00 ,
715.63 ,350.00 ,
1000.00 ,350.00 ,
-1000.00 ,380.00 ,
-715.63 ,380.00 ,
-563.75 ,380.00 ,
-462.50 ,380.00 ,
-395.00 ,380.00 ,
-350.00 ,380.00 ,
-320.00 ,380.00 ,
-300.00 ,380.00 ,
-280.00 ,380.00 ,
-250.00 ,380.00 ,
-220.00 ,380.00 ,
-200.00 ,380.00 ,
-180.00 ,380.00 ,
-150.00 ,380.00 ,
-120.00 ,380.00 ,
-100.00 ,380.00 ,
-80.00 ,380.00 ,
-50.00 ,380.00 ,
-16.67 ,380.00 ,
16.67 ,380.00 ,
50.00 ,380.00 ,
80.00 ,380.00 ,
100.00 ,380.00 ,
120.00 ,380.00 ,
150.00 ,380.00 ,
180.00 ,380.00 ,
200.00 ,380.00 ,
220.00 ,380.00 ,
250.00 ,380.00 ,
280.00 ,380.00 ,
300.00 ,380.00 ,
320.00 ,380.00 ,
350.00 ,380.00 ,
395.00 ,380.00 ,
462.50 ,380.00 ,
563.75 ,380.00 ,
715.63 ,380.00 ,
1000.00 ,380.00 ,
-1000.00 ,400.00 ,
-715.63 ,400.00 ,
-563.75 ,400.00 ,
-462.50 ,400.00 ,
-395.00 ,400.00 ,
-350.00 ,400.00 ,
-320.00 ,400.00 ,
-300.00 ,400.00 ,
-280.00 ,400.00 ,
-250.00 ,400.00 ,
-220.00 ,400.00 ,
-200.00 ,400.00 ,
-180.00 ,400.00 ,
-150.00 ,400.00 ,
-120.00 ,400.00 ,
-100.00 ,400.00 ,
-80.00 ,400.00 ,
-50.00 ,400.00 ,
-16.67 ,400.00 ,
16.67 ,400.00 ,
50.00 ,400.00 ,
80.00 ,400.00 ,
100.00 ,400.00 ,
120.00 ,400.00 ,
150.00 ,400.00 ,
180.00 ,400.00 ,
200.00 ,400.00 ,
220.00 ,400.00 ,
250.00 ,400.00 ,
280.00 ,400.00 ,
300.00 ,400.00 ,
320.00 ,400.00 ,
350.00 ,400.00 ,
395.00 ,400.00 ,
462.50 ,400.00 ,
563.75 ,400.00 ,
715.63 ,400.00 ,
1000.00 ,400.00 ,
-1000.00 ,420.00 ,
-715.63 ,420.00 ,
-563.75 ,420.00 ,
-462.50 ,420.00 ,
-395.00 ,420.00 ,
-350.00 ,420.00 ,
-320.00 ,420.00 ,
-300.00 ,420.00 ,
-280.00 ,420.00 ,
-250.00 ,420.00 ,
-220.00 ,420.00 ,
-200.00 ,420.00 ,
-180.00 ,420.00 ,
-150.00 ,420.00 ,
-120.00 ,420.00 ,
-100.00 ,420.00 ,
-80.00 ,420.00 ,
-50.00 ,420.00 ,
-16.67 ,420.00 ,
16.67 ,420.00 ,
50.00 ,420.00 ,
80.00 ,420.00 ,
100.00 ,420.00 ,
120.00 ,420.00 ,
150.00 ,420.00 ,
180.00 ,420.00 ,
200.00 ,420.00 ,
220.00 ,420.00 ,
250.00 ,420.00 ,
280.00 ,420.00 ,
300.00 ,420.00 ,
320.00 ,420.00 ,
350.00 ,420.00 ,
395.00 ,420.00 ,
462.50 ,420.00 ,
563.75 ,420.00 ,
715.63 ,420.00 ,
1000.00 ,420.00 ,
-1000.00 ,450.00 ,
-715.63 ,450.00 ,
-563.75 ,450.00 ,
-462.50 ,450.00 ,
-395.00 ,450.00 ,
-350.00 ,450.00 ,
-320.00 ,450.00 ,
-300.00 ,450.00 ,
-280.00 ,450.00 ,
-250.00 ,450.00 ,
-220.00 ,450.00 ,
-200.00 ,450.00 ,
-180.00 ,450.00 ,
-150.00 ,450.00 ,
-120.00 ,450.00 ,
-100.00 ,450.00 ,
-80.00 ,450.00 ,
-50.00 ,450.00 ,
-16.67 ,450.00 ,
16.67 ,450.00 ,
50.00 ,450.00 ,
80.00 ,450.00 ,
100.00 ,450.00 ,
120.00 ,450.00 ,
150.00 ,450.00 ,
180.00 ,450.00 ,
200.00 ,450.00 ,
220.00 ,450.00 ,
250.00 ,450.00 ,
280.00 ,450.00 ,
300.00 ,450.00 ,
320.00 ,450.00 ,
350.00 ,450.00 ,
395.00 ,450.00 ,
462.50 ,450.00 ,
563.75 ,450.00 ,
715.63 ,450.00 ,
1000.00 ,450.00 ,
-1000.00 ,480.00 ,
-715.63 ,480.00 ,
-563.75 ,480.00 ,
-462.50 ,480.00 ,
-395.00 ,480.00 ,
-350.00 ,480.00 ,
-320.00 ,480.00 ,
-300.00 ,480.00 ,
-280.00 ,480.00 ,
-250.00 ,480.00 ,
-220.00 ,480.00 ,
-200.00 ,480.00 ,
-180.00 ,480.00 ,
-150.00 ,480.00 ,
-120.00 ,480.00 ,
-100.00 ,480.00 ,
-80.00 ,480.00 ,
-50.00 ,480.00 ,
-16.67 ,480.00 ,
16.67 ,480.00 ,
50.00 ,480.00 ,
80.00 ,480.00 ,
100.00 ,480.00 ,
120.00 ,480.00 ,
150.00 ,480.00 ,
180.00 ,480.00 ,
200.00 ,480.00 ,
220.00 ,480.00 ,
250.00 ,480.00 ,
280.00 ,480.00 ,
300.00 ,480.00 ,
320.00 ,480.00 ,
350.00 ,480.00 ,
395.00 ,480.00 ,
462.50 ,480.00 ,
563.75 ,480.00 ,
715.63 ,480.00 ,
1000.00 ,480.00 ,
-1000.00 ,500.00 ,
-715.63 ,500.00 ,
-563.75 ,500.00 ,
-462.50 ,500.00 ,
-395.00 ,500.00 ,
-350.00 ,500.00 ,
-320.00 ,500.00 ,
-300.00 ,500.00 ,
-280.00 ,500.00 ,
-250.00 ,500.00 ,
-220.00 ,500.00 ,
-200.00 ,500.00 ,
-180.00 ,500.00 ,
-150.00 ,500.00 ,
-120.00 ,500.00 ,
-100.00 ,500.00 ,
-80.00 ,500.00 ,
-50.00 ,500.00 ,
-16.67 ,500.00 ,
16.67 ,500.00 ,
50.00 ,500.00 ,
80.00 ,500.00 ,
100.00 ,500.00 ,
120.00 ,500.00 ,
150.00 ,500.00 ,
180.00 ,500.00 ,
200.00 ,500.00 ,
220.00 ,500.00 ,
250.00 ,500.00 ,
280.00 ,500.00 ,
300.00 ,500.00 ,
320.00 ,500.00 ,
350.00 ,500.00 ,
395.00 ,500.00 ,
462.50 ,500.00 ,
563.75 ,500.00 ,
715.63 ,500.00 ,
1000.00 ,500.00 ,
-1000.00 ,520.00 ,
-715.63 ,520.00 ,
-563.75 ,520.00 ,
-462.50 ,520.00 ,
-395.00 ,520.00 ,
-350.00 ,520.00 ,
-320.00 ,520.00 ,
-300.00 ,520.00 ,
-280.00 ,520.00 ,
-250.00 ,520.00 ,
-220.00 ,520.00 ,
-200.00 ,520.00 ,
-180.00 ,520.00 ,
-150.00 ,520.00 ,
-120.00 ,520.00 ,
-100.00 ,520.00 ,
-80.00 ,520.00 ,
-50.00 ,520.00 ,
-16.67 ,520.00 ,
16.67 ,520.00 ,
50.00 ,520.00 ,
80.00 ,520.00 ,
100.00 ,520.00 ,
120.00 ,520.00 ,
150.00 ,520.00 ,
180.00 ,520.00 ,
200.00 ,520.00 ,
220.00 ,520.00 ,
250.00 ,520.00 ,
280.00 ,520.00 ,
300.00 ,520.00 ,
320.00 ,520.00 ,
350.00 ,520.00 ,
395.00 ,520.00 ,
462.50 ,520.00 ,
563.75 ,520.00 ,
715.63 ,520.00 ,
1000.00 ,520.00 ,
-1000.00 ,550.00 ,
-715.63 ,550.00 ,
-563.75 ,550.00 ,
-462.50 ,550.00 ,
-395.00 ,550.00 ,
-350.00 ,550.00 ,
-320.00 ,550.00 ,
-300.00 ,550.00 ,
-280.00 ,550.00 ,
-250.00 ,550.00 ,
-220.00 ,550.00 ,
-200.00 ,550.00 ,
-180.00 ,550.00 ,
-150.00 ,550.00 ,
-120.00 ,550.00 ,
-100.00 ,550.00 ,
-80.00 ,550.00 ,
-50.00 ,550.00 ,
-16.67 ,550.00 ,
16.67 ,550.00 ,
50.00 ,550.00 ,
80.00 ,550.00 ,
100.00 ,550.00 ,
120.00 ,550.00 ,
150.00 ,550.00 ,
180.00 ,550.00 ,
200.00 ,550.00 ,
220.00 ,550.00 ,
250.00 ,550.00 ,
280.00 ,550.00 ,
300.00 ,550.00 ,
320.00 ,550.00 ,
350.00 ,550.00 ,
395.00 ,550.00 ,
462.50 ,550.00 ,
563.75 ,550.00 ,
715.63 ,550.00 ,
1000.00 ,550.00 ,
-1000.00 ,580.00 ,
-715.63 ,580.00 ,
-563.75 ,580.00 ,
-462.50 ,580.00 ,
-395.00 ,580.00 ,
-350.00 ,580.00 ,
-320.00 ,580.00 ,
-300.00 ,580.00 ,
-280.00 ,580.00 ,
-250.00 ,580.00 ,
-220.00 ,580.00 ,
-200.00 ,580.00 ,
-180.00 ,580.00 ,
-150.00 ,580.00 ,
-120.00 ,580.00 ,
-100.00 ,580.00 ,
-80.00 ,580.00 ,
-50.00 ,580.00 ,
-16.67 ,580.00 ,
16.67 ,580.00 ,
50.00 ,580.00 ,
80.00 ,580.00 ,
100.00 ,580.00 ,
120.00 ,580.00 ,
150.00 ,580.00 ,
180.00 ,580.00 ,
200.00 ,580.00 ,
220.00 ,580.00 ,
250.00 ,580.00 ,
280.00 ,580.00 ,
300.00 ,580.00 ,
320.00 ,580.00 ,
350.00 ,580.00 ,
395.00 ,580.00 ,
462.50 ,580.00 ,
563.75 ,580.00 ,
715.63 ,580.00 ,
1000.00 ,580.00 ,
-1000.00 ,600.00 ,
-715.63 ,600.00 ,
-563.75 ,600.00 ,
-462.50 ,600.00 ,
-395.00 ,600.00 ,
-350.00 ,600.00 ,
-320.00 ,600.00 ,
-300.00 ,600.00 ,
-280.00 ,600.00 ,
-250.00 ,600.00 ,
-220.00 ,600.00 ,
-200.00 ,600.00 ,
-180.00 ,600.00 ,
-150.00 ,600.00 ,
-120.00 ,600.00 ,
-100.00 ,600.00 ,
-80.00 ,600.00 ,
-50.00 ,600.00 ,
-16.67 ,600.00 ,
16.67 ,600.00 ,
50.00 ,600.00 ,
80.00 ,600.00 ,
100.00 ,600.00 ,
120.00 ,600.00 ,
150.00 ,600.00 ,
180.00 ,600.00 ,
200.00 ,600.00 ,
220.00 ,600.00 ,
250.00 ,600.00 ,
280.00 ,600.00 ,
300.00 ,600.00 ,
320.00 ,600.00 ,
350.00 ,600.00 ,
395.00 ,600.00 ,
462.50 ,600.00 ,
563.75 ,600.00 ,
715.63 ,600.00 ,
1000.00 ,600.00 ,
-1000.00 ,620.00 ,
-715.63 ,620.00 ,
-563.75 ,620.00 ,
-462.50 ,620.00 ,
-395.00 ,620.00 ,
-350.00 ,620.00 ,
-320.00 ,620.00 ,
-300.00 ,620.00 ,
-280.00 ,620.00 ,
-250.00 ,620.00 ,
-220.00 ,620.00 ,
-200.00 ,620.00 ,
-180.00 ,620.00 ,
-150.00 ,620.00 ,
-120.00 ,620.00 ,
-100.00 ,620.00 ,
-80.00 ,620.00 ,
-50.00 ,620.00 ,
-16.67 ,620.00 ,
16.67 ,620.00 ,
50.00 ,620.00 ,
80.00 ,620.00 ,
100.00 ,620.00 ,
120.00 ,620.00 ,
150.00 ,620.00 ,
180.00 ,620.00 ,
200.00 ,620.00 ,
220.00 ,620.00 ,
250.00 ,620.00 ,
280.00 ,620.00 ,
300.00 ,620.00 ,
320.00 ,620.00 ,
350.00 ,620.00 ,
395.00 ,620.00 ,
462.50 ,620.00 ,
563.75 ,620.00 ,
715.63 ,620.00 ,
1000.00 ,620.00 ,
-1000.00 ,650.00 ,
-715.63 ,650.00 ,
-563.75 ,650.00 ,
-462.50 ,650.00 ,
-395.00 ,650.00 ,
-350.00 ,650.00 ,
-320.00 ,650.00 ,
-300.00 ,650.00 ,
-280.00 ,650.00 ,
-250.00 ,650.00 ,
-220.00 ,650.00 ,
-200.00 ,650.00 ,
-180.00 ,650.00 ,
-150.00 ,650.00 ,
-120.00 ,650.00 ,
-100.00 ,650.00 ,
-80.00 ,650.00 ,
-50.00 ,650.00 ,
-16.67 ,650.00 ,
16.67 ,650.00 ,
50.00 ,650.00 ,
80.00 ,650.00 ,
100.00 ,650.00 ,
120.00 ,650.00 ,
150.00 ,650.00 ,
180.00 ,650.00 ,
200.00 ,650.00 ,
220.00 ,650.00 ,
250.00 ,650.00 ,
280.00 ,650.00 ,
300.00 ,650.00 ,
320.00 ,650.00 ,
350.00 ,650.00 ,
395.00 ,650.00 ,
462.50 ,650.00 ,
563.75 ,650.00 ,
715.63 ,650.00 ,
1000.00 ,650.00 ,
-1000.00 ,695.00 ,
-715.63 ,695.00 ,
-563.75 ,695.00 ,
-462.50 ,695.00 ,
-395.00 ,695.00 ,
-350.00 ,695.00 ,
-320.00 ,695.00 ,
-300.00 ,695.00 ,
-280.00 ,695.00 ,
-250.00 ,695.00 ,
-220.00 ,695.00 ,
-200.00 ,695.00 ,
-180.00 ,695.00 ,
-150.00 ,695.00 ,
-120.00 ,695.00 ,
-100.00 ,695.00 ,
-80.00 ,695.00 ,
-50.00 ,695.00 ,
-16.67 ,695.00 ,
16.67 ,695.00 ,
50.00 ,695.00 ,
80.00 ,695.00 ,
100.00 ,695.00 ,
120.00 ,695.00 ,
150.00 ,695.00 ,
180.00 ,695.00 ,
200.00 ,695.00 ,
220.00 ,695.00 ,
250.00 ,695.00 ,
280.00 ,695.00 ,
300.00 ,695.00 ,
320.00 ,695.00 ,
350.00 ,695.00 ,
395.00 ,695.00 ,
462.50 ,695.00 ,
563.75 ,695.00 ,
715.63 ,695.00 ,
1000.00 ,695.00 ,
-1000.00 ,762.50 ,
-715.63 ,762.50 ,
-563.75 ,762.50 ,
-462.50 ,762.50 ,
-395.00 ,762.50 ,
-350.00 ,762.50 ,
-320.00 ,762.50 ,
-300.00 ,762.50 ,
-280.00 ,762.50 ,
-250.00 ,762.50 ,
-220.00 ,762.50 ,
-200.00 ,762.50 ,
-180.00 ,762.50 ,
-150.00 ,762.50 ,
-120.00 ,762.50 ,
-100.00 ,762.50 ,
-80.00 ,762.50 ,
-50.00 ,762.50 ,
-16.67 ,762.50 ,
16.67 ,762.50 ,
50.00 ,762.50 ,
80.00 ,762.50 ,
100.00 ,762.50 ,
120.00 ,762.50 ,
150.00 ,762.50 ,
180.00 ,762.50 ,
200.00 ,762.50 ,
220.00 ,762.50 ,
250.00 ,762.50 ,
280.00 ,762.50 ,
300.00 ,762.50 ,
320.00 ,762.50 ,
350.00 ,762.50 ,
395.00 ,762.50 ,
462.50 ,762.50 ,
563.75 ,762.50 ,
715.63 ,762.50 ,
1000.00 ,762.50 ,
-1000.00 ,863.75 ,
-715.63 ,863.75 ,
-563.75 ,863.75 ,
-462.50 ,863.75 ,
-395.00 ,863.75 ,
-350.00 ,863.75 ,
-320.00 ,863.75 ,
-300.00 ,863.75 ,
-280.00 ,863.75 ,
-250.00 ,863.75 ,
-220.00 ,863.75 ,
-200.00 ,863.75 ,
-180.00 ,863.75 ,
-150.00 ,863.75 ,
-120.00 ,863.75 ,
-100.00 ,863.75 ,
-80.00 ,863.75 ,
-50.00 ,863.75 ,
-16.67 ,863.75 ,
16.67 ,863.75 ,
50.00 ,863.75 ,
80.00 ,863.75 ,
100.00 ,863.75 ,
120.00 ,863.75 ,
150.00 ,863.75 ,
180.00 ,863.75 ,
200.00 ,863.75 ,
220.00 ,863.75 ,
250.00 ,863.75 ,
280.00 ,863.75 ,
300.00 ,863.75 ,
320.00 ,863.75 ,
350.00 ,863.75 ,
395.00 ,863.75 ,
462.50 ,863.75 ,
563.75 ,863.75 ,
715.63 ,863.75 ,
1000.00 ,863.75 ,
-1000.00 ,1000.00 ,
-715.63 ,1000.00 ,
-563.75 ,1000.00 ,
-462.50 ,1000.00 ,
-395.00 ,1000.00 ,
-350.00 ,1000.00 ,
-320.00 ,1000.00 ,
-300.00 ,1000.00 ,
-280.00 ,1000.00 ,
-250.00 ,1000.00 ,
-220.00 ,1000.00 ,
-200.00 ,1000.00 ,
-180.00 ,1000.00 ,
-150.00 ,1000.00 ,
-120.00 ,1000.00 ,
-100.00 ,1000.00 ,
-80.00 ,1000.00 ,
-50.00 ,1000.00 ,
-16.67 ,1000.00 ,
16.67 ,1000.00 ,
50.00 ,1000.00 ,
80.00 ,1000.00 ,
100.00 ,1000.00 ,
120.00 ,1000.00 ,
150.00 ,1000.00 ,
180.00 ,1000.00 ,
200.00 ,1000.00 ,
220.00 ,1000.00 ,
250.00 ,1000.00 ,
280.00 ,1000.00 ,
300.00 ,1000.00 ,
320.00 ,1000.00 ,
350.00 ,1000.00 ,
395.00 ,1000.00 ,
462.50 ,1000.00 ,
563.75 ,1000.00 ,
715.63 ,1000.00 ,
1000.00 ,1000.00 ,
1,28,coil1
29,56,coil2
57,84,coil3
85,724,core
725,2294,airSpace
motor:true