quadrangle
//Number_of_Node
128
//Number_of_Element
105
//Number_of_Region
5
//Factor
1000.0
37,36,28,29,
69,68,60,61,
101,100,92,93,
52,51,43,44,
53,52,44,45,
54,53,45,46,
84,83,75,76,
85,84,76,77,
86,85,77,78,
116,115,107,108,
117,116,108,109,
118,117,109,110,
20,19,11,12,
21,20,12,13,
22,21,13,14,
23,22,14,15,
31,30,22,23,
39,38,30,31,
47,46,38,39,
55,54,46,47,
63,62,54,55,
71,70,62,63,
79,78,70,71,
87,86,78,79,
95,94,86,87,
103,102,94,95,
111,110,102,103,
119,118,110,111,
19,18,10,11,
27,26,18,19,
35,34,26,27,
43,42,34,35,
51,50,42,43,
59,58,50,51,
67,66,58,59,
75,74,66,67,
83,82,74,75,
91,90,82,83,
99,98,90,91,
107,106,98,99,
115,114,106,107,
10,9,1,2,
11,10,2,3,
12,11,3,4,
13,12,4,5,
14,13,5,6,
15,14,6,7,
16,15,7,8,
18,17,9,10,
24,23,15,16,
26,25,17,18,
28,27,19,20,
29,28,20,21,
30,29,21,22,
32,31,23,24,
34,33,25,26,
36,35,27,28,
38,37,29,30,
40,39,31,32,
42,41,33,34,
44,43,35,36,
45,44,36,37,
46,45,37,38,
48,47,39,40,
50,49,41,42,
56,55,47,48,
58,57,49,50,
60,59,51,52,
61,60,52,53,
62,61,53,54,
64,63,55,56,
66,65,57,58,
68,67,59,60,
70,69,61,62,
72,71,63,64,
74,73,65,66,
76,75,67,68,
77,76,68,69,
78,77,69,70,
80,79,71,72,
82,81,73,74,
88,87,79,80,
90,89,81,82,
92,91,83,84,
93,92,84,85,
94,93,85,86,
96,95,87,88,
98,97,89,90,
100,99,91,92,
102,101,93,94,
104,103,95,96,
106,105,97,98,
108,107,99,100,
109,108,100,101,
110,109,101,102,
112,111,103,104,
114,113,105,106,
120,119,111,112,
122,121,113,114,
123,122,114,115,
124,123,115,116,
125,124,116,117,
126,125,117,118,
127,126,118,119,
128,127,119,120,
-1000.00 ,-1000.00 ,
-300.00 ,-1000.00 ,
-200.00 ,-1000.00 ,
-100.00 ,-1000.00 ,
100.00 ,-1000.00 ,
200.00 ,-1000.00 ,
300.00 ,-1000.00 ,
1000.00 ,-1000.00 ,
-1000.00 ,-600.00 ,
-300.00 ,-600.00 ,
-200.00 ,-600.00 ,
-100.00 ,-600.00 ,
100.00 ,-600.00 ,
200.00 ,-600.00 ,
300.00 ,-600.00 ,
1000.00 ,-600.00 ,
-1000.00 ,-500.00 ,
-300.00 ,-500.00 ,
-200.00 ,-500.00 ,
-100.00 ,-500.00 ,
100.00 ,-500.00 ,
200.00 ,-500.00 ,
300.00 ,-500.00 ,
1000.00 ,-500.00 ,
-1000.00 ,-400.00 ,
-300.00 ,-400.00 ,
-200.00 ,-400.00 ,
-100.00 ,-400.00 ,
100.00 ,-400.00 ,
200.00 ,-400.00 ,
300.00 ,-400.00 ,
1000.00 ,-400.00 ,
-1000.00 ,-300.00 ,
-300.00 ,-300.00 ,
-200.00 ,-300.00 ,
-100.00 ,-300.00 ,
100.00 ,-300.00 ,
200.00 ,-300.00 ,
300.00 ,-300.00 ,
1000.00 ,-300.00 ,
-1000.00 ,-200.00 ,
-300.00 ,-200.00 ,
-200.00 ,-200.00 ,
-100.00 ,-200.00 ,
100.00 ,-200.00 ,
200.00 ,-200.00 ,
300.00 ,-200.00 ,
1000.00 ,-200.00 ,
-1000.00 ,-100.00 ,
-300.00 ,-100.00 ,
-200.00 ,-100.00 ,
-100.00 ,-100.00 ,
100.00 ,-100.00 ,
200.00 ,-100.00 ,
300.00 ,-100.00 ,
1000.00 ,-100.00 ,
-1000.00 ,-50.00 ,
-300.00 ,-50.00 ,
-200.00 ,-50.00 ,
-100.00 ,-50.00 ,
100.00 ,-50.00 ,
200.00 ,-50.00 ,
300.00 ,-50.00 ,
1000.00 ,-50.00 ,
-1000.00 ,50.00 ,
-300.00 ,50.00 ,
-200.00 ,50.00 ,
-100.00 ,50.00 ,
100.00 ,50.00 ,
200.00 ,50.00 ,
300.00 ,50.00 ,
1000.00 ,50.00 ,
-1000.00 ,100.00 ,
-300.00 ,100.00 ,
-200.00 ,100.00 ,
-100.00 ,100.00 ,
100.00 ,100.00 ,
200.00 ,100.00 ,
300.00 ,100.00 ,
1000.00 ,100.00 ,
-1000.00 ,200.00 ,
-300.00 ,200.00 ,
-200.00 ,200.00 ,
-100.00 ,200.00 ,
100.00 ,200.00 ,
200.00 ,200.00 ,
300.00 ,200.00 ,
1000.00 ,200.00 ,
-1000.00 ,300.00 ,
-300.00 ,300.00 ,
-200.00 ,300.00 ,
-100.00 ,300.00 ,
100.00 ,300.00 ,
200.00 ,300.00 ,
300.00 ,300.00 ,
1000.00 ,300.00 ,
-1000.00 ,400.00 ,
-300.00 ,400.00 ,
-200.00 ,400.00 ,
-100.00 ,400.00 ,
100.00 ,400.00 ,
200.00 ,400.00 ,
300.00 ,400.00 ,
1000.00 ,400.00 ,
-1000.00 ,500.00 ,
-300.00 ,500.00 ,
-200.00 ,500.00 ,
-100.00 ,500.00 ,
100.00 ,500.00 ,
200.00 ,500.00 ,
300.00 ,500.00 ,
1000.00 ,500.00 ,
-1000.00 ,600.00 ,
-300.00 ,600.00 ,
-200.00 ,600.00 ,
-100.00 ,600.00 ,
100.00 ,600.00 ,
200.00 ,600.00 ,
300.00 ,600.00 ,
1000.00 ,600.00 ,
-1000.00 ,1000.00 ,
-300.00 ,1000.00 ,
-200.00 ,1000.00 ,
-100.00 ,1000.00 ,
100.00 ,1000.00 ,
200.00 ,1000.00 ,
300.00 ,1000.00 ,
1000.00 ,1000.00 ,
1,1,coil1
2,2,coil2
3,3,coil3
4,41,core
42,105,airSpace
